1,1,36.4,19.5,0,0,1,1.061581664322489,-14.85279837309786,225,1,1.08889,0.888889,1.038820101828607,0.007013960651992552,0,0
2,1,0,0,0,0,1,1.098378523338439,-2.120306313163942,380,1,1.10263,1.04841,1.002169222956943,2.860435535798279e-05,0,0
3,1,245.2,16.4,0,0,1,1.06299651942675,-14.23041447790294,225,1,1.08444,1.00444,1.038005231288774,-0.001465085829882184,0,0
4,1,0,0,0,0,1,1.067858703722236,-3.898564790356124,150,1,1.10667,0.9,1.007509323771108,0.001178426212493251,0,0
5,1,51.8,13.5,0,0,1,1.088515119093674,-5.224077692560247,225,1,1.08889,0.933333,1.00498569605622,3.865953154131238e-05,0,0
6,1,36.6,11.6,0,0,1,1.08222110318752,-6.452795850269784,225,1,1.08889,0.933333,1.01027757654474,0.001209723175705626,0,0
7,1,0,0,0,0,1,1.095496719353943,-5.096202173485167,380,1,1.10526,1.03947,1.011168372133121,7.289871491766652e-05,0,0
8,1,0,0,0,0,1,1.088738327669081,-5.765483455293944,380,1,1.10526,1.03947,1.011098307455016,0.001493056465693186,0,0
9,1,0,0,0,0,1,1.087293075751963,-20.34650167813058,225,1,1.09035,1.00444,1.048898443123317,0.004605803140163641,0,0
10,1,193.4,48.9,0,0,1,1.053949649509915,-10.73063096477001,225,1,1.08889,0.933333,1.032653250393065,0.007235651298808534,0,0
11,1,57.7,14.6,0,0,1,1.079713904786133,-21.44406680675658,225,1,1.08889,1.00444,1.055617964160435,0.008142210126775821,0,0
12,1,27.8,24.4,0,0,1,1.085792869345168,-17.94111642599355,225,1,1.08889,1.00444,1.049625612703298,0.0002001751436715099,0,0
13,1,177.5,52.5,0,0,1,1.079498347863274,-21.44580246882916,225,1,1.08889,1.00444,1.055606301703126,0.008238370641796212,0,0
14,1,75.8,7.3,0,0,1,1.072063869443008,-11.2527630112233,225,1,1.08252,0.95,1.023071984327212,0.005065081821474146,0,0
15,1,0,0,0,0,1,1.088889998346309,-6.207196093564885,225,1,1.08889,1.00444,1.007631334199377,-1.584055825843035e-11,1.844485571642986,0
16,1,0,0,0,0,1,1.088889998346308,-6.207196093564882,225,1,1.08889,1.00444,1.007631334199383,-1.579047214756531e-11,1.844485564657031,0
17,1,66.2,0.9,0,0,1,1.072174633259918,-11.3131327804224,225,1,1.08889,0.888889,1.023103609391682,0.004994859120222433,0,0
18,1,12.3,7.1,0,0,1,1.075147759546841,-6.787766627371774,225,1,1.09633,0.986667,1.01127309649544,0.002574404829007404,0,0
19,1,67.90000000000001,23,0,0,1,1.067556776102936,-19.91002832558782,225,1,1.08889,1.00444,1.048847596132811,0.007282755889398473,0,0
20,1,29.2,7.2,0,0,1,1.067620800473821,-19.90732809762964,225,1,1.08889,1.00444,1.048770892563443,0.007256199973768127,0,0
21,1,77.8,31.2,0,0,1,1.07498156324767,-17.60811717118873,225,1,1.08889,1.00444,1.042640273045202,0.006673709325159551,0,0
22,1,105.6,22.8,0,0,1,1.071171878832434,-11.98434088345282,225,1,1.08889,0.986667,1.030804203571183,0.004829550942455571,0,0
23,1,41.1,2.7,0,0,1,1.060678041782115,-13.58560209581464,225,1,1.08889,0.888889,1.032263289010042,0.006564979549664579,0,0
25,1,56.2,8.1,0,0,1,1.081746695444484,-22.43205152933256,225,1,1.08444,1.00889,1.075775500682683,0.0003677413495629154,0,0
26,1,29.3,6.4,0,0,1,1.082073924840318,-22.38637615017937,225,1,1.08444,1.00889,1.075237091771227,0.0003322822204723239,0,0
27,1,102.1,38,0,0,1,1.051818842504516,-9.819116163867996,225,1,1.08889,0.933333,1.025958647429526,0.004638158391988534,0,0
28,1,172.1,40,0,0,1,1.074968473074779,-17.86339868828375,225,1,1.08889,1.00444,1.043258069648261,0.00533366824817012,0,0
29,1,0,0,0,0,1,1.09859108456279,-2.081367707291998,380,1,1.10526,1.04842,1.001936034348799,2.70775535848932e-06,0,0
30,1,0,0,0,0,1,1.098606041224412,-2.079552767027438,380,1,1.10526,1.04842,1.001924916488105,6.428312241082123e-11,0,0
31,1,36.2,31.7,0,0,1,1.081607381364295,-6.335018821860962,225,1,1.08444,1.00889,1.007419240185076,-0.001710396273382144,0,0
33,1,133.2,20.1,0,0,1,1.080930434759284,-9.769968625195622,225,1,1.08444,1.00889,1.026751970098312,0.000209559863786396,0,0
34,1,89.40000000000001,29.6,0,0,1,1.041073009287413,-20.90558516090664,225,1,1.08889,1.00444,1.056959183152784,0.01103606085032576,0,0
2013,1,0,0,0,0,1,1.080874871340596,-21.26738535613023,225,1,1.08889,1.00444,1.053793518331021,0.007996085251323023,0,0
35,1,10.3,-0.4,0,0,1,1.073163724453142,-7.130376555680496,150,1,1.08,0.9666670000000001,1.010843928620491,-0.008900287336649724,0,0
36,1,22.3,6.7,0,80,1,1.068411551984572,-12.42871983224257,225,1,1.09212,1,1.032015998358636,0.003051065111639253,0,0
37,1,0,0,0,0,1,1.075060026141136,-9.230134788466099,380,1,1.10526,1.04785,1.029846031891769,0.002017243875142402,0,0
38,1,144.2,18.9,0,0,1,1.04840395292769,-14.21186670577767,225,1,1.08889,0.986667,1.047717107076919,0.01071964440163125,0,0
39,1,117.8,31.5,0,0,1,1.073061575112039,-11.06962239891267,225,1,1.08889,0.968889,1.021895190323494,0.004903685385412434,0,0
40,1,194.8,53.6,0,0,1,1.087553986599922,-7.716256563090555,380,1,1.10526,1,1.01924332072397,0.004350263862540601,0,0
41,1,64.7,12.6,0,0,1,1.075050478290875,-9.358882607009763,225,1,1.08889,0.933333,1.019508133254611,0.003671604421337147,0,0
42,1,44.6,15.6,0,0,1,1.069590369166411,-12.3735926070936,225,1,1.08889,0.888889,1.024682906909936,0.005365008204150526,0,0
43,1,46.9,11.7,0,0,1,1.069740186373028,-12.37878939395206,225,1,1.08889,0.888889,1.02469268631687,0.005315923114165043,0,0
44,1,381.3,62.5,0,0,1,1.069649865880471,-22.51347803225262,225,1,1.08496,1.00444,1.063832258069174,0.003770758915127686,0,0
45,1,161.5,-38.5,0,0,1,1.080478451816244,-19.56741721885889,225,1,1.08889,1.00444,1.052602573732453,0.003769716120272855,0,0
46,2,0,0,0,0,1,1.106315346936108,-7.988263358464915,150,1,1.10843,0.9,1.001855582152797,-0.009853503119999739,0,0
47,1,0,0,0,0,1,1.087735332584405,-20.14847035898883,225,1,1.08889,1.00444,1.048429868273061,6.978043884659742e-05,0,0
48,1,0,0,0,0,1,1.087735106443962,-20.14846915577433,225,1,1.08889,1.00444,1.048429868270129,6.982447303558251e-05,0,0
49,1,123.5,43.4,0,0,1,1.087733803446086,-20.1484622229767,225,1,1.08889,1.00444,1.048429868253681,7.007819822165775e-05,0,0
50,1,10,3.7,0,0,1,1.075084129905878,-18.42379502575213,225,1,1.08889,1.00444,1.046328088591008,0.004875589405659097,0,0
51,1,0,0,0,0,1,1.086117193123128,-11.32317663274495,225,1,1.08889,1,1.017811751317728,2.614133769412706e-11,0,0
52,1,74.59999999999999,28,0,0,1,1.058175407227756,-14.07670152973282,225,1,1.08889,0.888889,1.033150832644029,0.007394554079396665,0,0
53,1,160.2,38.2,0,0,1,1.07654316945495,-6.964765068515093,225,1,1.08889,0.968889,1.003213160109778,0.003573076731381333,0,0
54,1,0,0,0,0,1,1.093030653480484,-3.277944281925523,380,1,1.10526,1,1.002873117852564,0.002275864590853622,0,0
55,1,31,11,0,0,1,1.080210939997198,-8.205353343427157,225,1,1.08444,1.00889,1.018239267386866,0.0002626152523744463,0,0
56,1,14.7,-1,0,0,1,1.080535791505773,-8.190239906788783,225,1,1.08444,1.00889,1.018098557030643,0.0001589653742147097,0,0
1827,1,201.2,11.7,0,0,1,1.063111480453763,-21.99046568284371,225,1,1.08889,1.00444,1.067764336251463,0.007646455550168988,0,0
57,1,57,3,0,0,1,1.079521827095313,-9.314729971313964,225,1,1.08945,0.933333,1.012565049800868,-0.001537410610655645,0,0
58,2,0,0,0,0,1,1.104846873817379,-8.195267447771228,150,1,1.10862,0.9,1.004465253876409,-0.009871981590782196,0,0
59,1,55.4,19.7,0,0,1,1.083990535503392,-5.691666819866914,225,1,1.08444,1.00889,1.007365617987566,0.0001187245183323929,0,0
60,1,55.7,41.6,0,0,1,1.083650233719046,-5.688551523380672,225,1,1.08444,1.00889,1.007367452876109,0.0002376071399403723,0,0
61,1,0,0,0,0,1,1.084079056045925,-6.25919501459838,225,1,1.08889,0.977778,1.009496651825331,7.753466990429039e-10,0,0
62,1,16.4,4.9,0,0,1,1.08685177254202,-11.56533365840648,225,1,1.08889,0.888889,1.017838526335672,0.00330233304294857,0,0
63,1,1.6,12.7,0,0,1,1.088889998189947,-3.967909751467277,225,1,1.08889,0.933333,0.9991494301412485,-1.571421365541682e-11,1.690827968778734,0
64,1,29.7,12,0,0,1,1.084385552460813,-18.23244710945642,225,1,1.08889,1.00444,1.051203775195568,0.0003722017326364553,0,0
65,1,54.7,13.6,0,0,1,1.086713201253858,-20.43330380692737,225,1,1.08889,1.00444,1.050183350875994,0.004570083288044804,0,0
66,1,-21.9,-5.1,0,0,1,1.086427302475872,-11.61183577560435,225,1,1.08889,1,1.019697813032794,-0.000599527891596367,0,0
67,1,29.2,-2.5,0,0,1,1.08206165012191,-13.41063276557506,225,1,1.08889,0.986667,1.037931707584498,-0.00135606427429917,0,0
68,1,0,0,0,80,1,1.080598211563331,-12.18045415020962,225,1,1.08889,0.888889,1.022954486761985,0.003615877080185883,0,0
69,1,0,0,0,0,1,1.064101143921085,-13.04520690829069,225,1,1.08889,0.888889,1.027892183936902,0.006129038488314903,0,0
70,1,0,0,0,0,1,1.085878734104363,-8.754291081496342,380,1,1.10526,1.01316,1.02113658458019,0.00362730876027992,0,0
71,1,76.3,14.3,0,0,1,1.066626513187292,-20.10143801096504,225,1,1.08889,1.00444,1.049764256753469,0.007360886757394185,0,0
72,1,29,5,0,0,1,1.084804159835341,-18.75492258019648,225,1,1.08889,1.00444,1.050247728626983,0.003325622383426994,0,0
73,1,0,0,0,0,1,1.07608684833821,-7.096751438571086,225,1,1.08889,0.977778,1.010965137505066,9.79329396296293e-10,0,0
74,1,0,0,0,0,1,1.076097032268192,-7.096150642360375,225,1,1.08889,0.977778,1.010943909522709,1.00043198970712e-09,0,0
75,1,182.4,31.2,0,0,1,1.073527573241568,-7.695438119096691,225,1,1.08444,1.00889,1.013802607501431,0.0005331400239501053,0,0
76,1,0,0,0,0,1,1.075499369798174,-18.23961383920934,225,1,1.08444,1.00444,1.043447041761461,0.001042390459511779,0,0
77,1,0,0,0,0,1,1.091826442916113,-12.11201146786938,380,1,1.10263,1.04211,1.03907206949445,3.562152004695683e-06,0,0
78,1,116.1,17.6,0,0,1,1.075181606842853,-18.30002925412213,225,1,1.08444,1.00444,1.043980394192055,0.001067134645882149,0,0
79,1,-7.4,0.9,0,0,1,1.086779900073282,-17.77715547966377,225,1,1.08936,1.00444,1.048045996339564,6.711762597944745e-05,0,0
80,1,14,12.6,0,0,1,1.086647818898556,-17.78725557233339,225,1,1.08936,1.00444,1.048149574128608,9.112067506220196e-05,0,0
81,1,48.7,2.9,0,0,1,1.083079044359844,-7.445584198812119,225,1,1.08889,0.888889,1.015688207292288,-0.005771059671474767,0,0
82,1,27.9,3.3,0,0,1,1.064138645461312,-12.83043852530688,225,1,1.08124,0.95,1.029209064592719,0.006444665012477389,0,0
83,1,61.9,19.7,0,0,1,1.080154932228239,-6.881317646435775,225,1,1.08889,0.888889,1.004132096786803,0.0001270507954967498,0,0
84,1,158.1,-16.5,0,0,1,1.055799712087292,-13.20553514361165,225,1,1.08889,1,1.036719053686912,0.004394169481349429,0,0
85,1,0,0,0,0,1,1.045352876046488,-10.57316472153986,225,1,1.08889,1,1.02860469374333,-4.720379084589198e-05,0,0
86,1,403.7,124.8,0,0,1,1.084102173609962,-10.51935198305541,380,1,1.10526,1.0507,1.028577251425197,0.0002097625800674031,0,0
87,1,108.6,44.4,0,0,1,1.061502845098052,-11.9731244791631,225,1,1.08889,1,1.030710171428783,0.004387014287207663,0,0
88,1,140.7,36.8,0,0,1,1.078888728022768,-12.92833930231506,225,1,1.08889,1,1.030743018704615,-0.0009357791813906308,0,0
89,2,0,0,0,0,1,1.033833507952321,-12.80937947860823,150,1,1.1,0.9,1.045911215904152,-0.0005447896024672049,0,0
90,1,56.6,23.2,0,0,1,1.048872983706351,-14.47588601283061,225,1,1.08889,0.986667,1.047634701768321,0.0086209186883062,0,0
91,1,12.5,6.1,0,0,1,1.078470726813371,-6.548737835216869,225,1,1.08444,1.00889,1.000884236181709,-5.811191058802578e-05,0,0
92,1,0,0,0,0,1,1.100390315543278,-3.320805153045635,380,1,1.10526,1.04211,1.009044542657312,0.002346158627871144,0,0
93,1,0,0,0,0,1,1.100385975389564,-3.378057826773857,380,1,1.10526,1.04211,1.009201723494793,0.002346723509724237,0,0
96,1,12.7,0.6,0,0,1,1.059898086703007,-12.31340393426231,225,1,1.08889,1,1.030566265554537,0.003395183879079813,0,0
97,1,18.3,11.1,0,0,1,1.068543348363257,-17.65810687913751,225,1,1.08889,1.00444,1.045751462440954,0.008635570841636712,0,0
98,1,90.8,9.6,0,0,1,1.0840425359345,-11.43450480984053,150,1,1.1,0.9,1.037711478020589,-0.008787266827607327,0,0
99,1,82.09999999999999,-2.6,0,0,1,1.084659070158306,-12.13785028730152,225,1,1.08889,1,1.030063372216964,-0.01717847512181755,0,0
100,2,1.3,0,0,0,1,1.067724133487483,-19.95490284966752,225,1,1.08294,0.95,1.049315861055678,0.007091979690296102,0,0
101,1,0,0,0,0,1,1.088889996761434,-5.146255849385742,225,1,1.08889,0.933333,1.004405211505651,1.258327709968145e-10,0.9382929430396916,0
102,1,0,0,0,0,1,1.089576826691834,-5.688245432275925,380,1,1.10526,1.03947,1.010834063502199,0.001373384449895268,0,0
103,1,0,0,0,0,1,1.096073548119483,-5.033214765440707,380,1,1.10526,1.03947,1.010976190859895,9.300188777452466e-10,0,0
104,1,0,0,0,0,1,1.080069050339206,-21.42215219992417,225,1,1.08889,1.00444,1.055252312282276,0.008019953820234365,0,0
1828,1,86.90000000000001,24.6,0,0,1,1.039081480946632,-21.17359566888205,225,1,1.08889,1.00444,1.059108011727332,0.01147232877876355,0,0
105,1,0,0,0,0,1,1.046909138157743,-9.941182167472242,225,1,1.08889,0.986667,1.022490696243435,0.01152277760326938,0,0
106,1,12.8,7.6,0,0,1,1.079912618859668,-21.43112066504569,225,1,1.08889,1.00444,1.055345271870805,0.008081135026484523,0,0
107,1,150.1,27.1,0,0,1,1.04557207966643,-9.86370007145001,225,1,1.08889,0.933333,1.019607340397555,-0.002198883230163273,0,0
108,1,0,0,0,0,1,1.078664252679571,-6.525068679953741,380,1,1.10526,1.03947,1.016731489185354,-0.006930279622799284,0,0
109,1,32.1,-1.6,0,0,1,1.072544097754704,-10.51135921331104,225,1,1.08889,1,1.023017871851941,0.00196728053036201,0,0
110,1,29.4,1.2,0,0,1,1.078610120772618,-18.66198165279643,225,1,1.08986,1.00444,1.047701464320803,0.004998049445323974,0,0
111,1,131.9,2.8,0,0,1,1.072241863322622,-13.1088879463401,225,1,1.09612,1,1.036584784565316,-0.0002151192486881995,0,0
112,1,174.9,55.6,0,0,1,1.068471447503965,-8.563285486562524,225,1,1.08889,0.986667,1.013832219600662,0.005452554139180903,0,0
113,1,129.6,33.2,0,0,1,1.087318305149504,-20.33969988926057,225,1,1.09036,1.00444,1.048839268167982,0.004607804374248082,0,0
114,1,245.6,120.6,0,0,1,1.04759204395453,-14.61995971366253,225,1,1.08889,0.924444,1.038858683990689,0.01047601022058148,0,0
115,1,82.09999999999999,14.7,0,0,1,1.096127022816795,-4.915765890879225,225,1,1.09614,0.986667,1.000445451158998,4.099603434606429e-05,0,0
117,1,0,0,0,0,1,1.104159905002322,-3.742035306776895,380,1,1.10526,1.03947,1.005400139801703,0.0007983326869204195,0,0
119,1,192,-29.8,0,0,1,1.062416765111177,-33.55302869066565,225,1,1.08444,1.00444,1.127474602463616,-7.309141694719259e-05,0,0
120,1,21.6,-16.9,0,0,1,1.084103660155316,-21.12257284234365,225,1,1.08444,1.00889,1.066491716830397,0.001440613344355332,0,0
121,1,0,0,0,0,1,1.078613832658663,-18.39380590787844,380,1,1.10263,1.02895,1.063861183564041,0.001632329919231671,0,0
122,1,-0.1,-4.2,0,0,1,1.046131166963918,-9.870216198542277,225,1,1.08889,0.933333,1.019602971421124,-0.002447454670672897,0,0
123,1,172.6,37.2,0,0,1,1.054456032016794,-9.381327460422877,225,1,1.08889,0.933333,1.023624168906992,0.004233813499241706,0,0
124,1,31.9,29.8,0,0,1,1.013869760357288,-19.53177271365811,63,1,1.07937,0.920635,1.053360360676108,0.008176752232709791,0,0
125,2,0,0,0,0,1,1.074759990653243,-5.249863631678931,225,1,1.07476,0.95,0.9999553062120478,3.208407126150484e-11,0.3813293509267762,0
126,1,4.4,5.3,0,0,1,1.080990393022386,-3.793954902265397,225,1,1.09768,1,1.012902417386261,4.975529797433711e-05,0,0
127,1,0,0,0,0,1,1.080045942380593,-3.626579697844692,380,1,1.10526,1.05263,1.012712620628172,2.158257651649999e-11,0,0
128,1,0,0,0,0,1,1.080100502811254,-3.623512117963748,380,1,1.10526,1.05263,1.012598749424942,2.056974081927832e-11,0,0
129,1,0,0,0,0,1,1.080096892421683,-3.61997188888151,380,1,1.10526,1.05263,1.012606767947768,2.130503287938824e-11,0,0
130,1,0,0,0,0,1,1.080095345725926,-3.635404650945278,380,1,1.10526,1.05263,1.012606281971036,1.836646722599641e-11,0,0
131,1,0,0,0,0,1,1.096449998829345,-4.80052811533326,225,1,1.09645,0.986667,1.000000000286549,4.28695500587655e-11,2.560847951798354,0
132,1,0,0,0,0,1,1.096449998861122,-4.812727725615368,225,1,1.09645,0.986667,0.9998978620836289,1.753637003446854e-11,2.61752465762066,0
133,1,0,0,0,0,1,1.10455009590758,-3.62189378730406,380,1,1.10526,1.03947,1.004998117499259,0.0007527314450370835,0,0
134,1,123.5,26.5,0,0,1,1.059664550516294,-13.03276425432449,225,1,1.08889,0.968889,1.033293448400002,0.00745860537347367,0,0
135,1,39.1,10.1,0,0,1,1.081820501590228,-22.36935339428175,225,1,1.08444,1.00889,1.074832740307482,0.0006316527173899498,0,0
136,1,4.4,-3.3,0,0,1,1.104825272846289,-9.762730668759236,380,1,1.10526,1.03947,1.028154297376384,6.971374761908253e-05,0,0
137,1,166.9,46.7,0,0,1,1.059808812191658,-9.485112660652456,225,1,1.08889,0.933333,1.017719785746737,0.003849026799547294,0,0
138,1,0,0,0,0,1,1.077439448943655,-4.529341355075943,380,1,1.10526,1.03947,1.01247873721637,0.002064779417498747,0,0
140,1,202,20.2,0,0,1,1.080836859143434,-6.037092433908358,225,1,1.08444,1.00889,0.9999999992427826,-1.370647563603492e-10,0,0
142,1,231.3,-18.3,0,0,1,1.058381332657091,-12.17058616830202,225,1,1.08444,1.00444,1.024699336789163,0.00255368191305775,0,0
143,1,49.3,7.8,0,0,1,1.058497783296157,-10.22209698175797,225,1,1.08889,0.933333,1.021341322316637,0.003760589854640425,0,0
144,1,40.6,10.3,0,0,1,1.058483927899562,-10.22196587411358,225,1,1.08889,0.933333,1.021336563323431,0.003768809552488956,0,0
145,1,49.8,-6.2,0,0,1,1.078667799372125,-18.64891586356192,225,1,1.08952,1.00444,1.047604916977361,0.004994459723598898,0,0
146,1,0,0,0,0,1,1.084834338944925,-7.244951399901021,225,1,1.09478,1,1.000217456415301,-0.0001054701917812498,0,0
147,1,0,0,0,0,1,1.084832350182613,-7.24492948058711,225,1,1.09478,1,1.000217456495763,-0.0001047048967133268,0,0
148,1,68.7,4.5,0,0,1,1.057862254901827,-12.69974881408976,225,1,1.08889,1,1.035146815808228,0.004148966993478005,0,0
149,1,30,-1.5,0,0,1,1.078796225331977,-14.22042423333872,225,1,1.08889,1.00444,1.027968126892887,0.006677694103521956,0,0
150,1,52.2,3.9,0,0,1,1.077497556108177,-6.716996893599335,225,1,1.08444,1.00889,1.003256294860034,1.523477471088594e-05,0,0
151,1,40.2,6.8,0,0,1,1.05127298904781,-13.90188594369462,225,1,1.08889,1,1.040702776933847,0.005083049611548409,0,0
152,1,0,0,0,0,1,1.082296637918241,-12.74855100409467,225,1,1.08444,1.00889,1.0172691881713,4.375348711912062e-05,0,0
153,1,0,0,0,0,1,1.082202343712328,-12.75815209413827,225,1,1.08444,1.00889,1.017498231025817,2.653939944899496e-05,0,0
154,1,0,0,0,0,1,1.082168804672202,-7.576745525759367,225,1,1.08444,1.00889,1.015016512183271,-0.000423951462803672,0,0
155,1,0,0,0,0,1,1.0844461814902,-6.117139149792181,380,1,1.10263,1.02895,1.013997300589667,1.866147481383039e-05,0,0
156,1,165.9,38.2,0,0,1,1.080498654886617,-6.724849385800246,225,1,1.08889,0.888889,1.003336148749091,0.0001534938407392051,0,0
157,1,0,0,0,0,1,1.081001743931227,-3.7937217631394,225,1,1.09766,1,1.012894864992146,4.289432538100195e-05,0,0
158,1,0,0,0,0,1,1.079970994327627,-3.700042706100529,380,1,1.10526,1.05263,1.012827006836276,1.079065551938993e-06,0,0
159,1,37.1,-0.1,0,0,1,1.080959228740057,-14.64788498490396,225,1,1.08889,0.986667,1.042364686052635,0.001112641511985117,0,0
160,1,17.9,14.6,0,0,1,1.072750279395788,-11.96750773224784,225,1,1.08889,1,1.027444724263583,0.001009034502847738,0,0
161,1,0,0,0,0,1,1.069003283460849,-37.08417266962589,225,1,1.08444,1.00444,1.128660694941794,-0.003966621139025372,0,0
162,1,0,0,0,0,1,1.069003283460849,-37.08417266962589,225,1,1.08444,1.00444,1.128660694941794,-0.003966621139025372,0,0
163,1,0,0,0,0,1,1.069010778561982,-37.08436956261193,225,1,1.08444,1.00444,1.128660667653097,-0.00397437826790318,0,0
164,1,96.90000000000001,-7.4,0,0,1,1.069002227820232,-37.08414493844121,225,1,1.08444,1.00444,1.12866069878232,-0.003965528591605908,0,0
165,1,0,0,0,0,1,1.053787231280114,-9.858997657785315,225,1,1.08889,0.933333,1.02603963675954,0.003546490017949762,0,0
166,1,8.5,-5.2,0,0,1,1.075845141644487,-13.6153393975274,225,1,1.08889,0.986667,1.034056941287143,0.002495301423572101,0,0
167,1,0,0,0,0,1,1.085840101465055,-7.096474595467337,225,1,1.08941,1,1.000000000084604,-6.569249250723834e-12,0,0
168,1,0,0,0,0,1,1.097462351778945,-5.242701747365716,380,1,1.10526,1.05263,1.004575244284149,-0.001013770669770512,0,0
169,2,0,0,0,0,1,1.089359017422731,-5.11984113627878,225,1,1.1,0.9,0.9993843947433655,8.192896339111793e-11,0,0
170,1,13,4,0,0,1,1.071855150801917,-7.207325084141261,150,1,1.08,0.9666670000000001,1.011867974602381,-0.007852245157731192,0,0
171,1,50.4,4.5,0,0,1,1.068009673378602,-19.73272718465117,225,1,1.08889,1.00444,1.047845002338936,0.00726234784155785,0,0
172,1,0.4,0.6,0,0,1,1.068303117099633,-19.65312881636054,225,1,1.08889,1.00444,1.04749905161986,0.007216478869002144,0,0
173,1,29.1,-7.9,0,0,1,1.081361888191809,-6.925855307263057,225,1,1.08889,0.888889,1.003377324356248,0.0007224828211998595,0,0
175,1,0,0,0,0,1,1.084539208475022,-6.919980144253303,225,1,1.09176,1,0.9999773513672743,-0.0001576376649610823,0,0
176,1,0,0,0,0,1,1.084539402815678,-6.918851751035331,225,1,1.09176,1,0.9999729842494268,-0.0001648428287072934,0,0
177,1,0,0,0,0,1,1.084537668377705,-6.918845098991407,225,1,1.09176,1,0.999973105381015,-0.0001641050927274178,0,0
178,1,0,0,0,0,1,1.08458064519457,-6.91982655161539,225,1,1.09176,1,0.9999675797896692,-0.0001700590050697802,0,0
179,1,0,0,0,0,1,1.08458064519457,-6.919826551614904,225,1,1.09176,1,0.9999675797896649,-0.0001700590050685313,0,0
180,2,0,0,0,0,1,1.094954447689927,-3.934338937828505,380,1,1.10676,0.9,1.000542033756077,-3.804139110884949e-11,0,0
181,1,181.5,39.9,0,0,1,1.051476715719719,-13.86990370498825,225,1,1.08889,1,1.040307711339476,0.005077235213272187,0,0
182,1,32,21.4,0,0,1,1.076809054577678,-8.730407405672793,225,1,1.08889,0.986667,1.014087619310211,0.004087064386179918,0,0
183,1,0,0,0,0,1,1.089458310014064,-2.595139670056535,380,1,1.10526,1.03947,1.005260470099269,4.442950997857407e-12,0,0
184,1,0,0,0,0,1,1.089110460684174,-2.494733888889191,380,1,1.10526,1.03947,1.005129268004513,-2.191193854941559e-12,0,0
185,1,0,0,0,0,1,1.089114905262073,-2.498277247529398,380,1,1.10526,1.03947,1.005122858635161,-1.829732230388199e-12,0,0
186,1,0,0,0,0,1,1.089448976941947,-2.605531714619665,380,1,1.10526,1.03947,1.005255962237684,3.855918138147307e-12,0,0
187,1,65.90000000000001,23.3,0,0,1,1.077459671644287,-12.60742007659025,225,1,1.08889,0.924444,1.023712970579211,0.005195591899013636,0,0
188,1,5.4,1.4,0,0,1,1.049941323186729,-14.0199159799243,225,1,1.08889,0.986667,1.045507071431298,0.01069772186124177,0,0
189,1,101.7,-4.3,0,0,1,1.064969877304851,-28.12558759960247,225,1,1.08444,1.00444,1.095797777689991,0.001259986233136587,0,0
190,1,-6.8,-0.2,0,0,1,1.095048484531046,-1.65923077014603,380,1,1.10263,1.04211,1.005035004812588,-4.118035202693715e-12,0,0
191,1,-5.3,-0,0,0,1,1.095057304663172,-1.676895467503684,380,1,1.10263,1.04211,1.005035180780396,-4.30750915964737e-12,0,0
192,1,0,0,0,0,1,1.064846593386757,-20.36866411286346,225,1,1.08889,1.00444,1.051325831282739,0.007699195986177377,0,0
193,1,0,0,0,0,1,1.080207678477758,-7.465739726783301,225,1,1.08889,0.977778,1.006203317138527,0.001366246684246301,0,0
194,1,0,0,0,0,1,1.080213717534829,-7.465812475036213,225,1,1.08889,0.977778,1.006203335074722,0.00136371462101295,0,0
195,1,135.5,19.2,0,0,1,1.057598143962001,-13.94765462303214,225,1,1.08889,0.968889,1.038279308081607,0.007557317409217763,0,0
196,1,0,0,0,0,1,1.079514019258965,-6.216512457775634,225,1,1.08889,0.933333,0.9999999998904104,8.739358238611127e-11,0,0
197,1,0,0,0,0,1,1.07964509484886,-6.164886207285945,225,1,1.08889,0.933333,1.000000000050194,8.688077667825561e-11,0,0
198,1,98.90000000000001,26.5,0,0,1,1.055111398162829,-25.20108686506878,225,1,1.08444,1.00444,1.082760242800958,0.002992202523870086,0,0
199,1,299.2,-25.2,0,0,1,1.06388167570904,-22.2000321595177,225,1,1.08444,1.00444,1.050566855328829,-0.04353905264188115,0,0
200,1,0,0,0,0,1,1.07773912008323,-7.432759119124898,225,1,1.08889,0.977778,1.012359109458144,-0.0001178712062259516,0,0
201,1,0,0,0,0,1,1.084383320925355,-12.17101418423922,225,1,1.08444,1.00444,1.024230702944973,-0.009784947850718585,0,0
202,1,211.2,31,0,0,1,1.062602518391934,-15.48830358626057,225,1,1.08889,0.951111,1.041167170730554,0.006661360203658332,0,0
203,1,89.7,19.5,0,0,1,1.084556916440188,-18.64338867701095,225,1,1.08889,1.00444,1.049533866956712,0.003533893383351788,0,0
204,1,92.2,26,0,0,1,1.049441434988385,-14.09845794721558,225,1,1.08889,0.986667,1.046141901071716,0.01087370326075849,0,0
205,1,29.6,2.7,0,0,1,1.076562538624446,-21.6205907847715,225,1,1.08444,1.00889,1.071961090704038,0.002060613195424012,0,0
206,1,0,0,0,0,1,1.077587079470663,-19.37206470806545,380,1,1.10263,1.02895,1.068686461436705,0.001630670593909026,0,0
207,1,127,40.5,0,0,1,1.084414381899516,-18.94043151276928,225,1,1.08889,1.00444,1.051670978914047,0.003263854356388643,0,0
1829,2,0,0,0,0,1,1.066789139495468,-10.86894936981042,225,1,1.07859,0.95,1.023945176260902,0.005909646789650945,0,0
208,1,0,0,0,0,1,1.066769780676029,-10.87121088621497,225,1,1.08889,0.888889,1.023954117276844,0.005912710665431264,0,0
209,1,310.2,64.5,0,80,1,1.069210154916038,-25.75296980418764,225,1,1.08444,1.00444,1.078030982171891,0.004584830885838733,0,0
210,1,62.1,16.8,0,0,1,1.077291889741145,-6.504484111170129,225,1,1.09504,0.986667,1.009532684081756,0.002226318611000235,0,0
211,1,91.90000000000001,12.1,0,0,1,1.080017837298573,-10.4339433776335,225,1,1.08444,1.00889,1.029692654875417,8.744756829032759e-05,0,0
212,1,26.8,-0.9,0,0,1,1.080850699603531,-9.78337250637497,225,1,1.08444,1.00889,1.026984808174333,0.0001663358839328358,0,0
213,1,133,16.9,0,0,1,1.074018420106313,-6.964022209996037,225,1,1.08889,0.933333,1.006134446005266,0.0008887223930334278,0,0
215,1,0,0,0,0,1,1.093489814410799,-2.028246201357907,380,1,1.10526,1.03947,1.002958040577776,-0.0002206840793730279,0,0
216,1,95.09999999999999,16.3,0,0,1,1.083927491300797,-7.324630171463289,380,1,1.10526,1.03947,1.019084477392318,0.004110627142953866,0,0
217,1,0,0,0,0,1,1.078842159783111,-6.363070149204993,225,1,1.08889,0.933333,1.001466569574765,4.551357997352119e-10,0,0
218,1,0,0,0,0,1,1.078079785677104,-6.541916552146605,225,1,1.08889,0.933333,1.002820045657923,5.451124855131543e-10,0,0
219,1,34.4,10.1,0,0,1,1.084174743701625,-5.25455466276699,225,1,1.08444,1.00889,1.004488832886094,-5.02425524065161e-05,0,0
220,1,2.2,3.5,0,0,1,1.084375653960156,-5.225044466556986,225,1,1.08444,1.00889,1.004336498054973,-8.156825445257873e-05,0,0
221,1,-7.5,-7.3,0,0,1,1.082654920283008,-8.877530495263965,225,1,1.08444,1.00889,1.021970712563357,0.0005501223253376683,0,0
222,1,85.2,17.1,0,0,1,1.070190505605768,-17.34307962407402,225,1,1.08889,1.00444,1.040654785060824,0.00569500044250258,0,0
223,1,38.1,1.2,0,0,1,1.080120221247362,-10.38134537997697,225,1,1.08444,1.00889,1.029202397177426,0.0001433898514610934,0,0
224,1,21.4,-2.1,0,0,1,1.080527827692128,-10.31837209706195,225,1,1.08444,1.00889,1.028889826747397,6.478985403926726e-05,0,0
225,1,7,3.7,0,0,1,1.089169086536965,-12.13065162110971,150,1,1.10667,0.946667,1.021814282213324,0.003327881428496251,0,0
1830,1,0,0,0,0,1,1.06593195569935,-34.64179640667783,225,1,1.08444,1.00444,1.121578868913387,0.0004891351300420701,0,0
226,1,0,0,0,0,1,1.073937951350526,-29.96053307792401,380,1,1.10263,1.04211,1.111603249637984,0.0007083285226418878,0,0
227,1,180.4,-2,0,0,1,1.07542658234109,-12.35822572015776,225,1,1.09795,1,1.032445924111858,0.0001958290017318129,0,0
228,1,0,0,0,0,1,1.074678591059345,-9.756075394983261,380,1,1.10526,1.05019,1.031256608840395,0.001056124936525772,0,0
229,1,127.1,31,0,0,1,1.080659168661273,-12.09253486256398,225,1,1.08889,0.911111,1.018053417721353,0.004328152375004476,0,0
230,1,0,0,0,0,1,1.093318112164071,-6.506903688297083,380,1,1.10526,1,1.014749670149055,0.002026712185582273,0,0
231,1,44.4,13.2,0,0,1,1.080037492432439,-21.42634514987855,225,1,1.08889,1.00444,1.055269589087785,0.008024920204492405,0,0
232,1,49,11.1,0,0,1,1.039197478998432,-21.16552865344526,225,1,1.08889,1.00444,1.058959444948703,0.01143198294538475,0,0
233,1,23.8,0.4,0,0,1,1.083634577346764,-14.18117722294826,225,1,1.08889,0.986667,1.038946405881346,0.0007764723450784969,0,0
234,1,0.4,0.5,0,0,1,1.083830117223225,-14.11033261690651,225,1,1.08889,0.986667,1.038560289494421,0.0007776257434535948,0,0
235,1,4,1,0,0,1,1.086073086641429,-19.58454745118955,225,1,1.08889,1.00444,1.045209446407097,0.005236328812530404,0,0
236,1,30.4,23.5,0,0,1,1.085201922595437,-19.61893189756459,225,1,1.08889,1.00444,1.045569352112433,0.005543466306764265,0,0
237,1,249.6,70,0,0,1,1.050736035645737,-18.49667991810148,225,1,1.08889,1.00444,1.043531318642577,0.009611174128820781,0,0
238,1,0,0,0,0,1,1.057440160509838,-17.35004203074213,225,1,1.08889,1.00444,1.040453849203863,0.008449991490741646,0,0
239,1,56.5,14.2,0,0,1,1.082748186705202,-20.87642376341725,225,1,1.08889,1.00444,1.050842563202598,0.005505357021765283,0,0
240,1,58.6,15.7,0,0,1,1.082126891131949,-20.92216203650945,225,1,1.08889,1.00444,1.051436078182469,0.005662921433619589,0,0
241,2,-50,0.8,0,0,1,1.000951539710612,-2.755434678119258,20,1,1.1,0.9,1.002397211337669,-0.01837924598914325,0,0
242,1,0,0,0,0,1,1.070730159256405,-8.727671423272639,150,1,1.08,0.9666670000000001,1.003949157771684,-0.0185667468382307,0,0
243,1,-9.199999999999999,0.5,0,0,1,1.107546720690137,-1.395971257731336,380,1,1.11402,1.03947,0.9997617778229134,-4.597083436740929e-12,0,0
244,1,28.9,24.3,0,0,1,1.107854727884434,-1.182302255234353,380,1,1.11482,1.03947,0.9993260967310751,6.953146479640448e-12,0,0
245,1,18.2,8.4,0,0,1,1.10944312682727,-1.568919741163615,380,1,1.11264,1.03947,0.9999999999846187,1.284713799313755e-12,0,0
246,1,-41.3,6.5,0,0,1,1.109439887818798,-1.57006582437783,380,1,1.11483,1.03947,0.9999999999678733,1.297650582037078e-12,0,0
247,1,105.5,26.5,0,0,1,1.066838821034724,-20.00181346135172,225,1,1.08889,1.00444,1.049627369054632,0.007427455726159623,0,0
248,1,0,0,0,0,1,1.088889999962909,-10.43976313627275,225,1,1.08889,1,1.021744590025453,-0.01936483616795331,82.31048233598879,0
249,1,0,0,0,0,1,1.088589019001199,-10.78411423878924,225,1,1.08889,1,1.023813811848827,-0.0146122926244499,0,0
250,1,0,0,0,0,1,1.098109551259245,-9.954192353803252,380,1,1.10526,1.05019,1.025621037320741,-0.007395160241778722,0,0
251,1,25.5,1.2,0,0,1,1.073844421488426,-7.02221254441848,225,1,1.08889,0.933333,1.006435337667869,0.0008929088804832218,0,0
252,1,171.9,30.6,0,0,1,1.082814300228828,-12.75348381915483,380,1,1.10526,1.03537,1.038213096667943,0.004771795070229867,0,0
253,1,4.2,0,0,0,1,1.081466356291647,-18.77292595035524,225,1,1.08889,1.00444,1.043941572230453,0.008334457471462107,0,0
254,1,0,0,0,0,1,1.082517040763211,-18.70607753242879,225,1,1.08889,1.00444,1.043393474722251,0.008312765170395104,0,0
255,1,3.8,7.1,0,0,1,1.081746382939185,-19.02134179388419,225,1,1.08889,1.00444,1.04418440581032,0.008392162526642006,0,0
256,1,0,0,0,80,1,1.077946494117166,-18.16533271244792,225,1,1.08889,1.00444,1.046119017251227,0.005425540155243487,0,0
257,1,0,0,0,0,1,1.082038048691674,-13.08276142588896,380,1,1.10526,1.04211,1.039454743716689,0.006439418710248944,0,0
258,1,0,0,0,0,1,1.081586958315129,-13.17363632909613,380,1,1.10526,1.04211,1.039712175498285,0.006524139908505843,0,0
259,1,185.6,81.40000000000001,0,0,1,1.046344287476003,-14.70316275707745,225,1,1.08889,0.928889,1.03730535641488,0.010272126702358,0,0
260,1,119,80.09999999999999,0,0,1,1.083827613045572,-7.331611988738553,380,1,1.10526,1.03947,1.019099971922471,0.004121038654282493,0,0
261,1,192.7,31.7,0,0,1,1.074494848408993,-25.39011416423712,225,1,1.08444,1.00444,1.080839642624562,-0.002893391336816568,0,0
262,1,15.3,3.5,0,0,1,1.077147648667794,-6.692338413439475,225,1,1.08889,0.933333,1.004204796468769,0.0002207510349805893,0,0
263,1,296.4,84.90000000000001,0,0,1,1.085784719615253,-3.120955340991485,380,1,1.10526,1.03947,1.007138875627848,0.0005665537006793117,0,0
267,1,355.7,111,0,0,1,1.083086566796065,-12.45215882260665,225,1,1.08444,1.00444,1.027101118951068,-0.002674440914514878,0,0
268,1,0,0,0,0,1,1.09460871861633,-9.207877172347981,380,1,1.10263,1.04211,1.026407146046678,-8.245254273127193e-05,0,0
269,1,0,0,0,0,1,1.094630146589308,-9.204584591981551,380,1,1.10263,1.04211,1.026393197362026,-8.258685252293198e-05,0,0
270,2,52.3,16.7,0,0,1,1.068459999564321,-11.12531889722854,20,1,1.06846,0.95,1.022708982933673,1.775672471088689e-10,7.007862162484749,0
271,1,0,0,0,0,1,1.068517392942228,-11.02882838639666,225,1,1.08889,0.986667,1.022762027534956,0.005482616364506417,0,0
272,1,252.4,112.7,0,0,1,1.06062400758141,-13.73913081287472,225,1,1.08889,0.986667,1.034326401706473,0.00599583239428174,0,0
273,1,322.8,48.4,0,0,1,1.084942711278389,-14.98978841204444,380,1,1.10263,1.04211,1.048105768463125,0.001684081788997549,0,0
274,1,74.3,48.9,0,0,1,1.065550566891116,-11.89841579517887,225,1,1.09611,0.986667,1.030642723307693,0.00562807395096607,0,0
275,1,6.3,1.4,0,0,1,1.07584815444836,-10.66700845897983,225,1,1.08889,1.00444,1.026125083567047,0.004318901234314601,0,0
276,1,48,8,0,0,1,1.087380044707642,-20.24725332124276,225,1,1.08889,1.00444,1.049096683861584,7.44774766967114e-05,0,0
277,1,-0,-0,0,0,1,1.087486945459031,-20.18309869017557,225,1,1.08889,1.00444,1.048816563367925,9.740903418995985e-05,0,0
278,1,0,0,0,0,1,1.069412822617421,-7.650590459052606,20,1,1.4,0.9,1.006941032468811,-0.004643772862813294,0,0
279,1,45,46.1,0,0,1,1.064047248144323,-6.877253186055354,225,1,1.08889,0.933333,1.008284883589656,-0.004507558586664579,0,0
280,1,253.3,26.3,0,0,1,1.081309705468658,-3.48884091704804,380,1,1.10526,1.03947,1.006743777384206,-0.004836463050536534,0,0
281,1,0,0,0,0,1,1.083172210518628,-7.642239908843538,225,1,1.08959,1,1.004224463372044,0.0005316949638718041,0,0
282,1,0,0,0,0,1,1.086069396168152,-7.099178842506721,225,1,1.08959,1,0.9999999956021155,-9.439615745441676e-05,0,0
283,1,0,0,0,0,1,1.03329819852189,-12.8814324657183,150,1,1.08,0.9666670000000001,1.046510828015928,-1.737536106747033e-05,0,0
284,1,40.1,2.4,0,0,1,1.086467923851507,-19.99801594737787,225,1,1.08889,1.00444,1.046874870055623,0.004987973580414488,0,0
285,1,110.1,18.7,0,0,1,1.07637476916174,-19.02541274220703,225,1,1.08889,1.00444,1.048386926645536,0.004448667175915905,0,0
286,1,120.6,18.1,0,0,1,1.069117303357747,-8.837282140094684,225,1,1.08889,0.933333,1.025508079610763,0.003505618876369901,0,0
287,1,35.9,8.699999999999999,0,0,1,1.066520585157452,-16.27904836605009,225,1,1.08444,1.00444,1.048319092851533,0.000851864860436567,0,0
288,1,24.2,6.8,0,0,1,1.066532934353146,-16.27798418304653,225,1,1.08444,1.00444,1.048301510436443,0.0008480991183095101,0,0
289,1,75.2,12.5,0,0,1,1.074723881953525,-17.96293202160133,225,1,1.08889,1.00444,1.043817697234388,0.005327935213869861,0,0
290,1,176.7,47.6,0,0,1,1.084041539966463,-13.51602298780648,225,1,1.08889,1.00444,1.036071391014052,0.001633700597570061,0,0
291,1,0,0,0,0,1,1.088940941238533,-12.06845132866635,380,1,1.10526,1.04211,1.035467195773026,0.002480480141947431,0,0
292,1,0,0,0,0,1,1.089311071643652,-11.98358492836886,380,1,1.10526,1.04211,1.035167822266781,0.002414713980853102,0,0
293,1,0,0,0,0,1,1.098016142603573,-9.618292284359674,380,1,1.10526,1.04211,1.026636088745235,0.001175950472356629,0,0
294,1,0,0,0,0,1,1.08912636471643,-12.02601440754648,380,1,1.10526,1.04211,1.035317459529919,0.002447576229899103,0,0
295,1,317.6,108.4,0,325,1,1.074694561111682,-25.99371957660491,225,1,1.08444,1.00444,1.084389243706476,-0.004834400696650469,0,0
296,1,0,0,0,0,1,1.085878786091827,-8.556921085936464,380,1,1.10526,1,1.021658345318223,0.004380334800620957,0,0
297,1,63.5,14.5,0,80,1,1.087753687960445,-20.2602082712192,225,1,1.08889,1.00444,1.048127151698796,0.004574582831762889,0,0
298,1,0,0,0,0,1,1.085543963623051,-20.40471651729252,225,1,1.08889,1.00444,1.050680741003154,0.0005411499550107737,0,0
299,1,0,0,0,0,1,1.095871436214924,-3.946784827765945,380,1,1.10526,1.03947,1.007219225266069,0.0001298256499246417,0,0
300,1,0,0,0,0,1,1.092029655368576,-12.06714493990024,380,1,1.10263,1.04211,1.039056385147612,3.104166682432879e-11,0,0
301,1,0,0,0,0,1,1.091912916219025,-12.0666414068856,380,1,1.10263,1.04211,1.038961071739988,-5.442789500780643e-13,0,0
302,1,0,0,0,0,1,1.091912981075761,-12.06659143281271,380,1,1.10263,1.04211,1.038960949749127,3.558907330918031e-13,0,0
303,1,342.7,113.2,0,0,1,1.049203342270566,-25.83773228293043,225,1,1.08444,1.00444,1.087488791288721,-0.007892884877687727,0,0
304,1,28.9,-5.7,0,0,1,1.109706737514809,-0.5610219015231313,380,1,1.11618,1,1.000000000005648,5.364046244238698e-12,0,0
305,1,-21.4,7.7,0,0,1,1.109182182977557,-0.7664951802560683,380,1,1.11703,1,1.00000000000449,3.475115662656654e-12,0,0
306,1,82.8,19.7,0,0,1,1.086408944761695,-7.173813114457775,225,1,1.08889,0.888889,1.00973029610984,-0.007182511984795585,0,0
307,1,0,0,0,0,1,1.077958436787625,-17.27045543609284,225,1,1.08889,1.00444,1.039856279998929,0.004908771653733414,0,0
308,1,0,0,0,0,1,1.084110380845584,-12.76333622664166,380,1,1.10526,1.04211,1.03756952289084,0.004001887147091342,0,0
309,1,88.40000000000001,-29.1,0,0,1,1.078450624083231,-11.86063255317681,225,1,1.09445,1,1.029858366674471,-0.0006767569860650919,0,0
310,1,-12.7,-1.9,0,0,1,1.061148914670649,-1.695151370639342,380,1,1.10263,1.04211,1.005360093936946,-5.632967199944931e-12,0,0
311,1,-27.9,-8.5,0,0,1,1.060922886772389,-1.719618982323377,380,1,1.10263,1.04211,1.005544921594033,-1.465490906583205e-11,0,0
312,1,1,-8.1,0,0,1,1.06341840358312,-11.02780885840699,225,1,1.08895,0.933333,1.031145842425718,0.006156661488685431,0,0
313,1,141.2,17.7,0,0,1,1.075466578297349,-10.98285518245019,225,1,1.08889,1.00444,1.027297748510166,0.004420271755959997,0,0
314,1,57.4,17.5,0,0,1,1.060577605181228,-13.97987543237513,225,1,1.08889,0.888889,1.032065210877836,0.006862213724548335,0,0
315,1,45.8,6.5,0,0,1,1.060918867878663,-13.96772976943133,225,1,1.08889,0.888889,1.031933362649889,0.006738760715542111,0,0
316,1,0,0,0,0,1,1.096531620861183,-4.913100808890103,380,1,1.10526,1.03947,1.007817282023588,0.0006587258065488683,0,0
317,1,193.1,70.90000000000001,0,80,1,1.075432955856321,-12.14589308998757,225,1,1.08889,1,1.028677916810634,0.002397812321989082,0,0
318,1,82.09999999999999,17.5,0,0,1,1.087397049874069,-20.24147488598592,225,1,1.08889,1.00444,1.049052200831242,7.817736006600518e-05,0,0
319,1,12.5,3.5,0,0,1,1.072342280473335,-6.915368711747633,150,1,1.10667,0.9,1.009377273922639,-0.004925159358552613,0,0
320,1,144.2,2.1,0,0,1,1.058865523187104,-25.00600506880776,225,1,1.08576,1.00444,1.08824142570461,0.004752073479535155,0,0
321,1,20.2,-5,0,0,1,1.078732500404161,-13.54510847022826,225,1,1.08889,0.986667,1.033576504444518,0.00191167030451186,0,0
323,1,143.6,22.9,0,0,1,1.050584743034969,-18.05002763599093,225,1,1.08889,1.00444,1.050640552632696,0.009429636995544336,0,0
324,1,35.2,17.8,0,0,1,1.012072074832621,-14.04960812720156,225,1,1.08889,0.933333,1.043722215427772,0.006266023105697421,0,0
325,1,172.7,-49.9,0,0,1,1.072346788554576,-38.25171557205292,225,1,1.08444,1.00444,1.138114186221981,-0.00558611911310657,0,0
326,1,48.9,0.9,0,0,1,1.080636985776659,-10.07980913393024,225,1,1.08444,1.00889,1.027884795625624,0.0001613577471386425,0,0
327,1,34.1,1.4,0,0,1,1.043949557810382,-16.62290117800688,20,1,1.4,0.9,1.012289574785403,0.00197354357620531,0,0
328,1,45,7,0,0,1,1.06623113165493,-7.221062331616705,225,1,1.08889,0.933333,1.010157128061815,0.001529883762719695,0,0
329,1,95.3,24.3,0,0,1,1.083827622608704,-5.979454856988773,225,1,1.08889,0.933333,1.007198428314346,0.0009540109059922899,0,0
330,1,102.2,29.3,0,0,1,1.082348106796301,-20.8933751398378,225,1,1.08889,1.00444,1.051154950994227,0.005621624905311764,0,0
331,1,35.1,20.1,0,0,1,1.074058628533731,-18.00848758963333,225,1,1.08889,1.00444,1.044446671251777,0.005471414980081944,0,0
332,1,36.4,13.3,0,0,1,1.074218356715376,-17.97863037985665,225,1,1.08889,1.00444,1.044241890632765,0.005449226303160425,0,0
333,1,302.4,39.8,0,0,1,1.072490788656903,-15.87776484257368,225,1,1.08889,1.00444,1.034950375365327,0.006211189354397866,0,0
334,1,48.5,23.7,0,0,1,1.05990053476457,-13.74643258719234,225,1,1.08889,0.888889,1.030610470238452,0.007321799440185954,0,0
335,1,428.9,27.9,0,80,1,1.06310660277769,-23.56696509891385,225,1,1.08444,1.00444,1.07351377734794,0.001386915550457411,0,0
336,1,0,0,0,0,1,1.084169135487854,-22.19579667999142,225,1,1.08444,1.00444,1.062781719172845,1.173562039549523e-11,0,0
337,1,0.1,-0,0,0,1,1.08406615894913,-22.24612437041449,225,1,1.08444,1.00444,1.062991551733043,1.597610748910037e-11,0,0
338,1,1,-1.4,0,0,1,1.084185972882771,-22.13511316659443,225,1,1.08444,1.00444,1.062883158549462,2.337938887956154e-11,0,0
339,1,1.9,1.8,0,0,1,1.090511189079531,-20.52942160188348,380,1,1.10263,1.04211,1.066870750196746,0.001076001911152652,0,0
340,1,0,0,0,0,1,1.077673748215681,-5.404413201237491,225,1,1.08889,0.933333,1.00000000011506,1.338479007393343e-10,0,0
341,1,70.3,24,0,0,1,1.086967250847118,-20.23223559184295,225,1,1.08889,1.00444,1.049314042988069,0.0002281932598014365,0,0
342,1,54.2,14.3,0,0,1,1.086844614757673,-20.41666488498776,225,1,1.08889,1.00444,1.050026843423453,0.004545075193591822,0,0
343,1,0,0,0,0,1,1.080716085677455,-20.86983981178387,225,1,1.08889,1.00444,1.052275829318263,0.008251208780793239,0,0
344,1,139.3,31.9,0,80,1,1.080992757673066,-21.20303574050132,225,1,1.08889,1.00444,1.05315714672403,0.008060020940054743,0,0
345,1,70.90000000000001,11.8,0,0,1,1.064573749347305,-8.914032605220653,225,1,1.08889,0.933333,1.023035043579414,0.005358475161379503,0,0
346,1,151.2,25.9,0,0,1,1.064387981097217,-9.827066814295707,225,1,1.08889,0.933333,1.024626894203998,0.004731024952374289,0,0
347,1,0,0,0,0,1,1.081565833542954,-7.753550049509151,380,1,1.10526,1.03947,1.020669425125805,0.003623032272192099,0,0
348,1,2.3,2,0,0,1,1.083591591482959,-22.42975488817182,225,1,1.08444,1.00444,1.063610860102087,2.72250473921397e-05,0,0
350,1,0,0,0,0,1,1.09012530832104,-20.61183891364834,380,1,1.10263,1.04211,1.067135464686578,0.001107840981143619,0,0
351,1,170.9,41.9,0,0,1,1.085027764998024,-18.91751265990817,225,1,1.08889,1.00444,1.045648424516674,0.001089367300131573,0,0
352,1,11.6,-2.4,0,0,1,1.085071697943276,-18.9550767859698,225,1,1.08889,1.00444,1.0459307976208,0.001009800749648917,0,0
353,1,132.1,26.3,0,0,1,1.066437609522481,-15.49829159891938,225,1,1.09066,0.986667,1.044855540654101,0.004567580602312869,0,0
354,1,191,-3.8,0,0,1,1.076701793764248,-16.47307923676608,225,1,1.08444,1.00889,1.04619180864518,0.0001921156381404737,0,0
355,2,0,0,0,0,1,1.08503805319732,-6.935233548881906,225,1,1.1,0.9,1.000064605489682,-0.0003541964879869684,0,0
356,2,0,0,0,0,1,1.084099999423136,-8.259709638941086,225,1,1.0841,0.95,1.009127155697548,-0.0004560422981203906,5.291623435594404,0
357,1,0,0,0,0,1,1.094843654628731,-1.123215149050051,380,1,1.10263,1.05526,0.9995096789836417,-2.077849817405927e-05,0,0
358,1,18.4,8.199999999999999,0,0,1,1.066225776667591,-7.680848280918552,225,1,1.08889,0.933333,1.009893870532932,0.002213904229874599,0,0
359,1,88.2,-14.8,0,0,1,1.059307879564104,-25.80681402158715,225,1,1.08618,1.00444,1.09283108407832,0.003955859893374093,0,0
360,1,10.4,-25.6,0,0,1,1.075093765846771,-5.825366049508188,225,1,1.08889,0.933333,1.003869987201949,0.0003327045063585873,0,0
361,1,1.3,-8.6,0,0,1,1.074742277771247,-5.7981867164177,225,1,1.08889,0.933333,1.003267747260647,0.0004333735755314407,0,0
362,1,0,0,0,0,1,1.070871029333544,-6.803202382316295,225,1,1.08889,0.933333,1.004909347987477,0.0005049180349549266,0,0
363,1,0,0,0,0,1,1.089705874078277,-2.146189299148674,380,1,1.10526,1.03467,1.003097360869984,0.0003135941364877562,0,0
364,1,55.6,-3.9,0,0,1,1.047693563899045,-12.58119268864936,225,1,1.08889,0.986667,1.039798357725971,0.009417332182082787,0,0
365,1,141.8,42.4,0,0,1,1.057808259301897,-15.51046711594751,225,1,1.08889,0.986667,1.047913093415509,0.006496270891127431,0,0
366,1,16.7,8.800000000000001,0,0,1,1.014042494152849,-18.10554323265525,150,1,1.1,0.9,1.066460250992988,0.01796918908076019,0,0
367,1,124.7,-2.6,0,0,1,1.067509012822623,-12.48632533812998,225,1,1.08889,0.933333,1.026449838202639,0.005481741184029497,0,0
368,1,236.5,67.40000000000001,0,0,1,1.064024067947809,-13.14374400494588,225,1,1.08889,0.986667,1.035372201708862,0.004253557481528937,0,0
369,1,0,0,0,0,1,1.095652192791799,-10.74367481968683,380,1,1.10526,1.03947,1.032501423282096,0.002274554661534724,0,0
370,1,92.3,21,0,0,1,1.085781889542394,-20.39070772593201,225,1,1.08889,1.00444,1.050596638666813,0.0004483357231199334,0,0
371,1,0,0,0,0,1,1.087444687415375,-20.32040808118302,225,1,1.08889,1.00444,1.048719043970807,0.004585912505609918,0,0
372,1,0,0,0,0,1,1.090071051881384,-4.090768322794086,380,1,1.10526,1.03947,1.009257256911238,0.0007946979269952871,0,0
373,1,0,0,0,0,1,1.08987271473418,-4.032805502294941,380,1,1.10526,1.03947,1.009179506587246,0.000796287666511055,0,0
374,1,41.3,13.1,0,0,1,1.084082400769426,-18.98991977134005,225,1,1.08889,1.00444,1.052098422907987,0.003312258763490456,0,0
375,1,53.6,8.5,0,0,1,1.065399710876043,-20.31730061580437,225,1,1.08889,1.00444,1.050740227908927,0.007553017100163067,0,0
376,1,-15.1,-7.5,0,0,1,1.081025838940757,-6.053156750455113,225,1,1.08444,1.00889,0.999832267127583,-8.873939607349913e-05,0,0
377,1,0,0,0,0,1,1.067170104644787,-13.82933209596703,225,1,1.08889,0.888889,1.032679293135623,0.005500465812658629,0,0
378,1,53.6,19.2,0,0,1,1.065795112069466,-7.419699851134844,225,1,1.08889,0.933333,1.011344933921211,0.002022514521559252,0,0
379,1,0,0,0,0,1,1.080049730256003,-8.938126232932673,225,1,1.08889,1,1.013232491471869,-5.970714592875818e-05,0,0
380,1,-0.4,-0.1,0,0,1,1.078391286833162,-6.516840508322055,225,1,1.08444,1.00889,1.003034531221729,4.032351667775471e-05,0,0
381,1,0,0,0,0,1,1.094756398120438,-1.064571932481941,380,1,1.10526,1.05263,0.9993696234968674,-3.469771196791794e-11,0,0
382,1,0,0,0,0,1,1.094754460492224,-1.063883516504026,380,1,1.10526,1.05263,0.9993696234968656,-3.341548265838769e-11,0,0
383,1,0,0,0,0,1,1.09474316088071,-1.059867708326306,380,1,1.10526,1.05263,0.9993696234968727,-3.466138337989133e-11,0,0
384,1,0,0,0,0,1,1.094743160847314,-1.059867708212615,380,1,1.10526,1.05263,0.9993696234968644,-3.075811251335549e-11,0,0
385,1,14.3,1.2,0,0,1,1.066821451342039,-9.633238992191584,225,1,1.08889,0.933333,1.023957756607862,0.004131472962748812,0,0
386,1,0,0,0,0,1,1.070074187042031,-8.912799738733131,150,1,1.08,0.9666670000000001,1.005812361523944,-0.01879803346148218,0,0
387,1,109.8,15.2,0,0,1,1.073702729444354,-7.963423711154527,225,1,1.08444,1.00889,1.014570191293576,0.0007909991101531625,0,0
388,1,68.40000000000001,15.7,0,0,1,1.067479796646447,-10.37565092182948,225,1,1.08889,1,1.022029264676112,0.003244716473886209,0,0
389,1,56.3,9.199999999999999,0,0,1,1.07329549061411,-10.75319534521505,225,1,1.08889,1,1.019535723020172,0.003230824099436359,0,0
390,1,0,0,0,0,1,1.078805746653505,-5.700031628581911,380,1,1.10526,1.05263,1.01771014698705,0.000832968780885749,0,0
391,1,0.3,-0.7,0,0,1,1.053897948763017,-14.0841716589116,225,1,1.08889,0.888889,1.033478086420704,0.008454002540274803,0,0
392,1,0,0,0,0,1,1.074478207455904,-5.255754435675382,225,1,1.08444,1.00889,0.9999999994800527,4.034681972449649e-11,0,0
393,1,26.2,4.3,0,0,1,1.068656926525137,-12.75885964782557,225,1,1.08889,0.986667,1.030517367464107,0.004312107851911778,0,0
394,1,94.5,31,0,0,1,1.092053637180564,-5.34728006120829,225,1,1.09515,0.986667,1.002829250412275,0.0008155484623850332,0,0
395,1,131.1,17.3,0,0,1,1.058615179583817,-10.20191414883084,225,1,1.08889,0.933333,1.021143542292383,0.003751689737803638,0,0
396,2,0,0,0,0,1,1.004764599169724,-8.912804322396628,20,1,1.1,0.9,1.005812358515038,-0.01879819440084084,0,0
397,1,0,0,0,0,1,1.070074453276551,-8.912804322396632,150,1,1.08,0.9666670000000001,1.005812358515194,-0.01879819439476473,0,0
398,1,292.9,20.6,0,0,1,1.066549558907872,-16.27563626028576,225,1,1.08444,1.00444,1.048292518148772,0.0008456789130409837,0,0
399,1,97.5,35.1,0,0,1,1.053931680503587,-13.72148164169001,225,1,1.09125,0.906667,1.037277242704136,0.008142499337495078,0,0
400,1,0,0,0,0,1,1.084612533636304,-5.609100050800526,225,1,1.08889,0.977778,1.006895024582912,8.840921651480629e-11,0,0
401,1,0,0,0,0,1,1.084952216672785,-5.461244615350446,225,1,1.08889,0.977778,1.006396036465868,1.175002878277234e-05,0,0
402,1,69.2,14.5,0,0,1,1.078750819277727,-21.5051322407907,225,1,1.08889,1.00444,1.056617888261089,0.008421695231028727,0,0
403,1,132,33.2,0,0,1,1.066731981808478,-20.09390009741314,225,1,1.08889,1.00444,1.049684894211952,0.007346586746988704,0,0
404,1,70.5,-3.2,0,0,1,1.058383910527891,-13.89867170819165,225,1,1.08889,0.92,1.03283156886225,0.007397234805607414,0,0
405,1,0,0,0,0,1,1.075373817833975,-18.42856988379116,225,1,1.08889,1.00444,1.046336460207427,0.004789115257308197,0,0
406,1,229.8,67.5,0,0,1,1.079075648055524,-14.08870769427923,225,1,1.08889,1.00444,1.039788059720828,0.002657693351975275,0,0
407,1,47.7,9.699999999999999,0,0,1,1.084550030461629,-17.72616197068502,225,1,1.08889,1.00444,1.043897940451746,0.004272546660159147,0,0
408,1,80.7,-0.8,0,0,1,1.058957330326472,-9.832873385333794,225,1,1.08889,0.933333,1.019619770832868,0.003822151954702461,0,0
409,1,188.7,38.9,0,0,1,1.066186432297067,-23.17496943401695,225,1,1.08449,1.00444,1.068064000784451,0.004453583108189749,0,0
410,1,56,29.2,0,0,1,1.086405983011624,-20.39718409426568,225,1,1.09028,1.00444,1.049381919961869,0.004888747665567115,0,0
411,1,0,0,0,0,1,1.096569688322836,-5.224160545891422,225,1,1.09787,0.986667,1.001020361598036,0.0003871829278947745,0,0
412,1,74.7,14.1,0,0,1,1.077969495521394,-22.09235050589169,225,1,1.08444,1.00889,1.074324498765351,0.001471739176009806,0,0
413,1,82.3,10.5,0,0,1,1.096459238818217,-5.238511333592231,225,1,1.09778,0.986667,1.001126935708703,0.0004069466063546564,0,0
414,1,212.7,32,0,0,1,1.069113532440441,-15.29626084426342,225,1,1.08994,0.986667,1.044823068835387,0.003715095238560359,0,0
416,1,163.1,74.90000000000001,0,0,1,1.080335506629382,-6.090185107910461,225,1,1.08444,1.00889,1.00000000065727,2.294235298940008e-09,0,0
418,1,64.8,20.6,0,0,1,1.061825499889398,-7.410169351786781,225,1,1.08889,0.933333,1.011147855753875,-0.004313168442557598,0,0
419,1,40.9,-4.5,0,0,1,1.075219158666163,-14.28026421790619,225,1,1.08889,0.986667,1.041315129234966,0.0009269741665261863,0,0
420,1,130.1,-16.7,0,0,1,1.082900929835645,-13.10000049040674,225,1,1.08444,1.00444,1.030675840074067,-0.001798223895686699,0,0
421,1,0,0,0,0,1,1.093695181379152,-9.445134979256364,380,1,1.10263,1.04211,1.027077372798751,0.001599635968174713,0,0
422,1,103.4,48.6,0,0,1,1.031732336596537,-16.57056965920673,225,1,1.08889,0.906667,1.048751307372168,0.01386168340223103,0,0
423,1,79.90000000000001,2.7,0,0,1,1.057227779163705,-15.16591272500929,225,1,1.08889,1,1.051687227598583,0.004591278259134329,0,0
424,1,33.7,4.6,0,0,1,1.07743768807086,-10.47634682185844,225,1,1.08889,1.00444,1.025053283330626,0.00401558824393097,0,0
425,1,16,-20.6,0,0,1,1.084439999751457,-5.22343924705554,225,1,1.08444,1.00889,1.004326095114852,-9.728428695337752e-05,12.37609245196907,0
426,1,0,0,0,0,1,1.089716843824578,-12.11632576408263,150,1,1.10667,0.946667,1.021463796110596,0.003065962650848079,0,0
427,1,8.199999999999999,-1.2,0,0,1,1.061332254371146,-13.90714846427629,225,1,1.08889,0.888889,1.031422590072135,0.006668527480397183,0,0
428,1,49.6,9,0,0,1,1.063593628878507,-8.503311503090405,225,1,1.08889,0.933333,1.012641115898283,0.002647155528622578,0,0
429,1,10.4,1.2,0,0,1,1.088773607670404,-5.684774126274966,225,1,1.08889,0.888889,0.9991820330173213,-0.002602390253397569,0,0
430,1,0,0,0,0,1,1.058303860024681,-12.74033360908533,225,1,1.08889,0.888889,1.030273506673382,0.006333107642888251,0,0
431,1,0,0,0,0,1,1.103696722037733,-14.24246441190722,380,1,1.10526,1.03947,1.004826570665082,1.567163151682067e-05,0,0
432,1,88.40000000000001,16.7,0,0,1,1.059703813804572,-9.742684031660362,225,1,1.08889,0.986667,1.020358541884765,0.007479080750263675,0,0
433,1,77.8,21.4,0,0,1,1.041306033956468,0.05780783840664469,225,1,1.04444,0.982222,1.000485998886415,4.124110735360128e-05,0,0
434,1,0,0,0,0,1,1.078890613339559,-36.37394219481356,225,1,1.08444,1.00444,1.122908723034657,-0.008243322145238367,0,0
435,1,158.3,74.59999999999999,0,0,1,1.07149847028341,-18.76533941893405,225,1,1.08444,1.00444,1.047265488640496,0.0005626215967618458,0,0
436,1,0,0,0,0,1,1.085999363033992,-13.65812107049247,380,1,1.10263,1.04211,1.043153922941439,-0.0001263536590431725,0,0
437,1,0,0,0,0,1,1.084177879009987,-5.083893609578337,225,1,1.15556,0.888889,0.9999999999393896,1.446544601544646e-11,0,0
438,1,0,0,0,0,1,1.084177879085765,-5.083893609870248,225,1,1.15556,0.888889,0.9999999999397414,6.260068745529059e-12,0,0
439,1,108.3,2.1,0,0,1,1.046618061868232,-31.42153211223397,225,1,1.08444,1.00444,1.110311166613343,0.009712758590747854,0,0
440,1,201.6,49.4,0,0,1,1.073270555625718,-24.3165579985096,225,1,1.08444,1.00444,1.069340190313441,0.004392008093462725,0,0
441,1,179.1,54.1,0,0,1,1.081463474647889,-20.18211865063311,380,1,1.10263,1.04211,1.065152932711986,0.003758426627142081,0,0
442,1,0,0,0,0,1,1.085508573099919,-8.797372898599724,225,1,1.08889,1,1.010908334651841,0.001527468770599354,0,0
443,1,0,0,0,0,1,1.095692284867689,-2.860036387759561,380,1,1.10526,1.05263,1.008807190063473,6.163557717142187e-06,0,0
444,1,152.8,72.5,0,0,1,1.060975028744292,-9.939921096948547,225,1,1.08889,1,1.018935352341987,0.005562774611312216,0,0
445,1,38.9,5.8,0,0,1,1.067116328107468,-26.17396934648303,225,1,1.08444,1.00444,1.088130764468928,-0.0008361288297101973,0,0
446,1,28.4,8.699999999999999,0,0,1,1.057330220980851,-13.87277737474975,225,1,1.08889,0.888889,1.033757739496997,0.007690446335594269,0,0
447,1,22.1,19.3,0,0,1,1.084531718372147,-18.6438917637957,225,1,1.08889,1.00444,1.04955291606898,0.003550271642441434,0,0
448,1,271.2,28.2,0,0,1,1.071582954266073,-17.16162705553593,225,1,1.08522,0.95,1.039198283642151,0.005537724123795057,0,0
449,1,5.8,-26,0,0,1,1.084557293643953,-6.947022955704035,225,1,1.08889,0.888889,1.004275502291264,-0.001301595176688431,0,0
450,1,31.5,-2.6,0,0,1,1.081435104162084,-8.570664757552251,225,1,1.08444,1.00889,1.020188512819488,0.0002916828781877942,0,0
451,1,0,0,0,0,1,1.100935207558275,-5.317399121974878,380,1,1.10263,1.04211,1.014854132974442,3.253772991009078e-12,0,0
452,1,0,0,0,0,1,1.100935207558275,-5.317399121974879,380,1,1.10263,1.04211,1.014854132974442,3.253760558551995e-12,0,0
453,1,0,0,0,0,1,1.100937057658094,-5.316115607754538,380,1,1.10263,1.04211,1.014850851333299,3.285020299398163e-12,0,0
454,1,0,0,0,0,1,1.100941023997903,-5.313365248644902,380,1,1.10263,1.04211,1.014843819352332,3.356230522482969e-12,0,0
455,1,67.40000000000001,17.4,0,0,1,1.076115998144775,-21.78280268492415,225,1,1.08444,1.00889,1.073080397965104,0.002039664199544781,0,0
456,1,0,0,0,0,1,1.051946922823839,-7.660763263094674,225,1,1.08889,0.933333,1.009419014746757,0.00347374522393612,0,0
458,1,0,0,0,0,1,1.076185203612663,-2.588315512853403,380,1,1.10526,1.03947,1.004560232354321,-0.000466618653505256,0,0
459,1,163.4,41.9,0,0,1,1.065459872066252,-8.968468749807007,225,1,1.08889,0.968889,1.014054287365552,0.00639691315730239,0,0
460,1,27.9,20.9,0,0,1,1.040670750821624,-0.2006160587662872,225,1,1.04444,0.982222,1.000582613444421,5.430525383786201e-05,0,0
461,1,129.1,-24.6,0,0,1,1.076806238039564,-9.781138950195572,225,1,1.08444,1.00444,1.013286545177299,-0.001708125816282091,0,0
462,1,0,0,0,0,1,1.076152890440736,-5.31851112846124,380,1,1.10263,1.04211,1.014127808505668,-0.0009510727444937499,0,0
463,1,56.3,8.800000000000001,0,0,1,1.069548382108435,-19.29143157211591,225,1,1.08889,1.00444,1.051583639032566,0.007434782429977123,0,0
464,1,250.6,23.3,0,0,1,1.07219049683411,-19.00250132591727,225,1,1.08889,1.00444,1.048654488233431,0.007108834594621784,0,0
465,1,-8.9,8,0,0,1,1.073739798368482,-16.39323929537307,225,1,1.08889,1.00444,1.035150344249541,0.005178096932725236,0,0
466,1,0,0,0,0,1,1.085854312014952,-7.096651491154449,225,1,1.08889,1,1.000000000863582,2.070145309035497e-09,0,0
467,1,11.4,-5.3,0,0,1,1.055818599517488,-10.76548849046302,150,1,1.08,0.9666670000000001,1.02404375686778,-0.01237060127080386,0,0
468,1,196.6,55.6,0,0,1,1.010457267072055,-14.41826459972758,225,1,1.08889,0.933333,1.046126341367626,0.006761503224735118,0,0
469,1,61.3,19.4,0,0,1,1.079591349070159,-12.29058506167445,225,1,1.08889,0.888889,1.023594496419184,0.003815553167604846,0,0
470,1,39.2,10.6,0,0,1,1.080020519947901,-12.25285504544997,225,1,1.08889,0.888889,1.023358060618491,0.003721387559667684,0,0
471,2,0,0,0,0,1,1.068155435208012,-10.61705725539431,225,1,1.08421,0.95,1.023411572593558,0.007313465175619497,0,0
472,1,87.09999999999999,19.1,0,0,1,1.084474580567786,-20.50602769550634,225,1,1.08889,1.00444,1.05222434660422,0.0007747697921106563,0,0
473,1,278.5,34.2,0,0,1,1.074668341470138,-16.1165775072278,225,1,1.08444,1.00889,1.047141223420459,0.0004584098920079948,0,0
474,2,0,0,0,0,1,1.077091518113392,-13.91305694138698,225,1,1.08067,0.95,1.03521383075445,-0.0005257951830690275,0,0
475,1,7.4,1.5,0,0,1,1.076537161267802,-12.6417620295046,225,1,1.08889,0.888889,1.026908098665567,0.005521917830878311,0,0
1832,1,0.3,-8.4,0,0,1,1.061692226882903,-13.41509577106549,225,1,1.08889,0.888889,1.0285172658545,0.006906462635298266,0,0
476,1,104.8,23.9,0,0,1,1.069327390356536,-12.18646558720022,225,1,1.08889,0.986667,1.033008886309887,0.005223395520069524,0,0
477,1,154.4,67.59999999999999,0,0,1,1.047696301310476,-14.16624007363596,225,1,1.08889,0.986667,1.047149430566071,0.01122360886661726,0,0
478,1,116.9,27,0,0,1,1.072222097011274,-6.237262046746765,225,1,1.08889,0.933333,1.005730137441924,0.0008666324173005508,0,0
479,1,271.1,21.7,0,0,1,1.080336581723067,-10.31541646913997,225,1,1.08444,1.00889,1.028843853381559,0.0001350298765080183,0,0
480,1,0,0,0,0,1,1.107939266875224,-1.999601487123866,380,1,1.10992,1.03947,0.9999999999828006,-5.177462773658578e-11,0,0
481,1,0,0,0,0,1,1.107939266984242,-1.999601488976223,380,1,1.10992,1.03947,0.9999999999648733,-1.493401001803357e-10,0,0
482,1,0,0,0,0,1,1.096810900545916,-5.096210355657388,225,1,1.0979,0.986667,1.000000000957384,2.415048414165182e-10,0,0
483,1,0,0,0,0,1,1.096810901296469,-5.096210310489352,225,1,1.0979,0.986667,0.9999999999810908,2.831414092744481e-11,0,0
484,1,87,31.3,0,0,1,1.086713413063716,-20.25459720951295,225,1,1.08889,1.00444,1.049527617839482,0.0002950012234665827,0,0
485,1,77.90000000000001,-4.3,0,0,1,1.041287201423568,-20.89301674919562,225,1,1.08889,1.00158,1.056776528343962,0.01097105462390643,0,0
486,1,55.5,6.8,0,0,1,1.04127040226745,-20.89055588466499,225,1,1.08889,1.00158,1.056766898723358,0.01097582448022465,0,0
487,1,75.2,5.8,0,0,1,1.041268515450549,-20.89262765512623,225,1,1.08889,1.00158,1.05677536869505,0.01097539656942537,0,0
488,1,50.2,15.6,0,0,1,1.041254687354113,-20.88990842522749,225,1,1.08889,1.00158,1.056764620708934,0.01097960779514497,0,0
489,1,0,0,0,0,1,1.041293059826937,-20.88481563763571,225,1,1.08889,1.00161,1.056743035278682,0.01097309081855594,0,0
490,1,151.7,76.3,0,0,1,1.074583490213802,-12.69938800202941,225,1,1.08889,0.942222,1.027759327460743,0.00616268456868444,0,0
491,1,36.5,7.6,0,0,1,1.045629199525938,-20.14671907679226,225,1,1.08889,1.00444,1.052423423968927,0.01011254908291692,0,0
492,1,68,14.2,0,0,1,1.044981664211892,-20.22258258217861,225,1,1.08889,1.00444,1.053135377463132,0.0102649798358122,0,0
493,1,110.6,1.8,0,0,1,1.062099764717056,-20.24004635957617,225,1,1.08444,1.00444,1.043363645015323,-0.03800299956606152,0,0
494,1,22.9,2.9,0,0,1,1.080195312560807,-9.201727179830929,225,1,1.08444,1.00889,1.024160554984957,-8.951817426998304e-05,0,0
495,1,135,12.2,0,0,1,1.0664205235467,-10.1156377392365,225,1,1.08889,1,1.019561604503904,0.003779094790935118,0,0
496,1,0.3,3.5,0,0,1,1.066401788443001,-10.839364710003,225,1,1.08889,0.986667,1.021592944507982,0.006840996178302166,0,0
497,1,0.3,3.5,0,0,1,1.06640677446722,-10.83939944048878,225,1,1.08889,0.986667,1.02159275518546,0.006838862598594574,0,0
498,1,0,0,0,0,1,1.101157250631819,-6.273389983861946,380,1,1.10526,1.03947,1.014416131092099,0.00164042233116324,0,0
499,1,0,0,0,0,1,1.101174895943744,-6.270346385946826,380,1,1.10526,1.03947,1.014415957163747,0.001639673791194723,0,0
500,1,0,0,0,0,1,1.066450443452114,-10.83970053122777,225,1,1.08889,0.986667,1.021591107012698,0.0068202870519123,0,0
501,1,0,0,0,0,1,1.066612167228796,-10.81591119168059,225,1,1.08889,0.986667,1.021584009168072,0.006818350707383283,0,0
502,1,0,0,0,0,1,1.066613198447941,-10.81591130820172,225,1,1.08889,0.986667,1.021584009182634,0.006818334843357495,0,0
503,1,0,0,0,0,1,1.066611960927842,-10.81591116836991,225,1,1.08889,0.986667,1.021584009165159,0.006818353881729708,0,0
504,1,30.6,-2.3,0,0,1,1.084423440583922,-5.655464177661121,225,1,1.08444,1.00889,1.007106144013325,1.541987281239685e-05,0,0
506,1,3.4,4.2,0,0,1,1.034491797313696,-10.09304871354229,225,1,1.08889,0.933333,1.021850705296568,0.007526064333656653,0,0
507,1,17.2,-2,0,0,1,1.097147732924065,-5.040294084796015,380,1,1.10526,1.04211,1.018962222277259,3.289144006847017e-11,0,0
508,1,-1.1,-0.6,0,0,1,1.094186335151313,-7.883696495824968,380,1,1.10526,1.04211,1.024882972958266,-0.0001722707059946142,0,0
509,1,-1.1,-2.5,0,0,1,1.094263248860022,-7.883932261606427,380,1,1.10526,1.04211,1.02488297372752,-0.0001808057564982223,0,0
510,1,9.800000000000001,14.4,0,0,1,1.097297135450909,-5.025516205047205,380,1,1.10526,1.04211,1.0187688785289,4.287259831875355e-11,0,0
511,1,25.6,15.4,0,0,1,1.070380695978067,-12.28701618804353,225,1,1.08889,0.888889,1.024223018276386,0.005223948246204629,0,0
512,1,0,0,0,0,1,1.084113626830433,-18.98605919803112,225,1,1.08889,1.00444,1.052083173427089,0.003307483819695603,0,0
513,1,226.6,-10.3,0,80,1,1.086899999992358,-24.3759315755613,225,1,1.0869,1.00444,1.016238733570943,-0.1992093588115054,399.5476634719662,0
514,1,49.1,-12.9,0,0,1,1.068083360942408,-14.72032847715518,225,1,1.0869,1.00444,1.048619821644481,0.0005883145804417551,0,0
515,1,213.2,23.8,0,80,1,1.068726239286381,-24.53801252829148,225,1,1.08889,1.00444,1.074707564778176,0.003237546725122345,0,0
516,1,143.7,43.1,0,0,1,1.06053508091427,-11.60909235019762,225,1,1.08889,0.933333,1.033916199749283,0.006619064573236605,0,0
517,1,250.8,51.9,0,0,1,1.058220663509997,-12.64866436845116,225,1,1.08889,1,1.034261175613955,0.004236436091246462,0,0
519,1,95.90000000000001,17.5,0,0,1,1.065030935673892,-12.19827687461035,225,1,1.08889,1,1.031202176112042,0.003461885198996731,0,0
520,1,38.7,6.4,0,0,1,1.079206953502077,-21.47308033057637,225,1,1.08889,1.00444,1.055905186428253,0.008315058258706558,0,0
521,1,44.7,9.5,0,0,1,1.079388094252036,-21.44650072495769,225,1,1.08889,1.00444,1.055587398973251,0.008297607678120114,0,0
522,1,64.40000000000001,14.5,0,0,1,1.067083726458629,-20.0254888897846,225,1,1.08889,1.00444,1.05008416322338,0.007216123114147498,0,0
523,1,80.5,17.6,0,0,1,1.039370334927648,-10.79021989065474,225,1,1.08889,0.933333,1.024486490297603,-0.001104363881259901,0,0
524,1,141.2,6.9,0,0,1,1.082780114807839,-18.76726294960709,225,1,1.08889,1.00444,1.055484168491472,0.0004984858534209567,0,0
525,1,83,6,0,0,1,1.073909628880134,-10.60452794573335,225,1,1.08889,1,1.022763121946822,0.001569073775121674,0,0
526,1,18.8,9.6,0,0,1,1.080238882044191,-6.868326169961294,225,1,1.08889,0.888889,1.004063312816438,0.0001183729711718729,0,0
527,1,38.3,1,0,0,1,1.046616506703887,-11.84738642525089,225,1,1.08889,0.986667,1.034069561856044,0.009088457757910959,0,0
528,1,0,0,0,0,1,1.084769938231454,-9.494378278317479,380,1,1.10526,1.03947,1.029978454504632,0.005713186095923777,0,0
529,1,190.3,23.4,0,0,1,1.071952575118942,-20.41382649148393,225,1,1.08444,1.00889,1.064656711749848,0.001962029615674701,0,0
530,1,55,13.5,0,0,1,1.066221807330966,-7.391592719908138,225,1,1.08889,0.933333,1.010852283012802,0.001883164073190653,0,0
531,1,10.9,5.3,0,0,1,1.080899043978991,-20.46301098813584,225,1,1.08889,1.00444,1.050575250567468,0.008327248918592293,0,0
532,1,42.5,17.4,0,0,1,1.080709238951938,-20.81271149386186,225,1,1.08889,1.00444,1.051528073521863,0.008237245053886365,0,0
533,1,115.6,48.1,0,0,1,1.058035399596923,-12.02633936348718,225,1,1.08889,0.986667,1.032627058063837,0.009076238638220348,0,0
534,1,54.8,-32.6,0,0,1,1.088769029316628,-6.245505246934667,225,1,1.08889,1.00444,1.007841988679633,-8.283495302285465e-06,0,0
535,1,20,8.5,0,0,1,1.085537389896986,-17.96569643168339,225,1,1.08889,1.00444,1.045233395081997,0.003742019684757413,0,0
536,1,29.6,16.8,0,0,1,1.087232636927844,-17.38216331350223,225,1,1.08889,1.00444,1.04527051926928,0.0004043607601005607,0,0
537,1,118.7,29.5,0,0,1,1.084414509909151,-18.21383143364583,225,1,1.08889,1.00444,1.051015923377576,0.000406148763598132,0,0
538,1,0,0,0,0,1,1.04517842890615,-9.756707930928604,225,1,1.08889,0.986667,1.021628184764681,0.01237019307371654,0,0
539,1,0,0,0,0,1,1.045179867094744,-9.75670808452197,225,1,1.08889,0.986667,1.021628184784606,0.01237015409437461,0,0
540,1,0,0,0,0,1,1.045174547633747,-9.756707516422413,225,1,1.08889,0.986667,1.021628184711226,0.01237029849050884,0,0
541,1,0,0,0,0,1,1.045177764502536,-9.756707859972675,225,1,1.08889,0.986667,1.021628184755498,0.01237021109610301,0,0
542,1,0,0,0,0,1,1.045150887719409,-9.77162246674267,225,1,1.08889,0.986667,1.021635522417195,0.01237011841330366,0,0
544,1,167.4,54.6,0,0,1,1.063442458945764,-7.913279105842088,225,1,1.08889,0.933333,1.01106946442122,0.002633455508428494,0,0
545,1,32.3,0.1,0,0,1,1.077910763909793,-8.678365826351499,225,1,1.08889,1,1.016491070842316,-0.001700233622137442,0,0
546,1,87.8,16.5,0,0,1,1.081225263982062,-9.335489534779493,225,1,1.08889,0.986667,1.015177723353564,-0.002361865222020783,0,0
547,1,73.7,4.3,0,0,1,1.076142882047539,-16.72233520424142,225,1,1.08444,1.00889,1.048132573494297,1.680916328939419e-05,0,0
548,1,56.7,17.6,0,0,1,1.082471393039501,-20.87648884448743,225,1,1.08889,1.00444,1.051108567496469,0.005614116230062479,0,0
549,1,28.3,10.3,0,0,1,1.0839916474706,-7.269299153377633,225,1,1.08889,1,1.001379164648841,0.00044110768208915,0,0
550,1,84.59999999999999,12.6,0,0,1,1.092888309581227,-7.979003881233352,380,1,1.10263,1.04211,1.022885680558341,0.001953368332649636,0,0
551,1,0,0,0,0,1,1.087625238992697,-10.70761992540542,225,1,1.08889,1,1.022356698418114,-0.0009031011916693818,0,0
552,1,0,0,0,0,1,1.084418484936212,-11.23267341554229,225,1,1.08889,1,1.025574247163881,-0.0005946486519280206,0,0
553,1,0,0,0,0,1,1.091247149559149,-9.183779104078884,380,1,1.10526,1.05263,1.022965944483782,-0.0007687611265742916,0,0
554,1,109.3,-4.4,0,0,1,1.095007384242179,-1.74227566877703,380,1,1.10263,1.04211,1.005189281919171,-4.292385416875474e-06,0,0
555,1,72.40000000000001,58.1,0,0,1,1.061623528134255,-13.41311381812505,225,1,1.08889,0.942222,1.028515291932726,0.006974631186930694,0,0
556,1,339.3,87.59999999999999,0,0,1,1.082088527980047,-9.240609254428584,380,1,1.10526,1,1.023587407552002,0.004758423872998023,0,0
557,1,0,0,0,0,1,1.070242306634866,-9.224055975699903,225,1,1.08889,0.933333,1.022312885276829,0.003411976426895431,0,0
558,1,0,0,0,0,1,1.075796119157436,-9.250926954034389,225,1,1.08889,0.933333,1.018727459473673,0.003543060764150452,0,0
559,1,0,0,0,0,1,1.088651264453214,-7.216673994207487,380,1,1.10526,1.03947,1.018597780015227,0.002693604398002518,0,0
560,1,0,0,0,0,1,1.074212564153409,-8.115620502347149,225,1,1.08889,0.986667,1.011756386358185,0.005513681682178549,0,0
561,1,0,0,0,0,1,1.074122163194157,-8.115611175664325,225,1,1.08889,0.986667,1.011756385752681,0.005514892771895379,0,0
562,1,0,0,0,0,1,1.074211737390245,-8.115620417050751,225,1,1.08889,0.986667,1.011756386352221,0.005513692461535984,0,0
563,1,0,0,0,0,1,1.074131093758307,-8.129729605502389,225,1,1.08889,0.986667,1.011759944359497,0.005514462854928399,0,0
564,1,0,0,0,0,1,1.074211634007116,-8.11562040638481,225,1,1.08889,0.986667,1.011756386351476,0.005513693809805851,0,0
565,1,0,0,0,0,1,1.07420997873436,-8.115620235611789,225,1,1.08889,0.986667,1.011756386339561,0.00551371540789251,0,0
566,1,0,0,0,0,1,1.074130457335634,-8.129729548206573,225,1,1.08889,0.986667,1.011759944348471,0.005514464880346886,0,0
567,1,0,0,0,0,1,1.077308111726557,-6.657182159216088,225,1,1.08889,0.933333,1.003685514446903,0.000111026079974166,0,0
568,1,173.7,34.4,0,0,1,1.080691631688292,-10.16897218325734,225,1,1.08444,1.00444,1.019974710839137,-0.006452007958754375,0,0
569,1,266,43.3,0,0,1,1.070169311720973,-13.24572049678775,225,1,1.08889,1,1.032513604031758,0.001583203116525561,0,0
570,1,0,0,0,0,1,1.050820016784223,-8.086799240178907,225,1,1.08889,0.933333,1.01140675257801,0.003598627978533947,0,0
572,1,24.5,9.1,0,0,1,1.084638900361583,-20.49293220308506,225,1,1.08889,1.00444,1.052008921649428,0.0007320378137123177,0,0
573,1,27.7,20.7,0,0,1,1.086769522096342,-20.38194013046411,225,1,1.08889,1.00444,1.049024120975135,0.004717598147381439,0,0
574,1,92,12.8,0,0,1,1.080049420821758,-8.938122279522755,225,1,1.08889,1,1.013232491480492,-5.956731816908249e-05,0,0
575,1,-1.1,26.1,0,0,1,1.076246239722847,-10.18924312705693,225,1,1.08889,0.986667,1.023389527952484,0.004619091645284144,0,0
576,1,-7,-18.1,0,0,1,1.095998197528619,-2.671404776718808,380,1,1.10526,1.05263,1.008343416032588,1.558798587572687e-11,0,0
577,1,-10.6,11.4,0,0,1,1.095975406026641,-2.684089132311923,380,1,1.10526,1.05263,1.0083864093484,1.54700345302764e-11,0,0
578,1,0,0,0,0,1,1.085109167063957,-6.936270311955361,225,1,1.09192,1,1.00006459200411,-0.000390388727695045,0,0
579,1,13.7,1.4,0,0,1,1.070171103918145,-18.90676573725318,225,1,1.08889,1.00444,1.043510973648506,0.007158507276009606,0,0
580,1,26.4,-1.3,0,0,1,1.082869442399239,-10.71849959324783,225,1,1.0893,1,1.020983274481065,-0.001648616424395202,0,0
581,1,42.8,3.9,0,0,1,1.049947499608588,-18.86987593770651,225,1,1.08889,1.00444,1.045341530080078,0.009616795343803565,0,0
582,1,0,0,0,0,1,1.100273111644935,-8.883485500995203,150,1,1.12298,0.9,1.008545488444458,-0.008132215806570753,0,0
583,1,0,0,0,0,1,1.084706376787888,-4.859000819045042,225,1,1.08889,0.977778,1.002967242472717,1.53931683625012e-12,0,0
584,1,186.3,34.8,0,0,1,1.060280289711434,-9.476305809363332,225,1,1.08889,0.986667,1.020277246755981,0.008423627484708115,0,0
585,1,0,0,0,0,1,1.079066345795784,-7.308811330067992,225,1,1.08889,1,1.003427063207428,1.401303560023414e-09,0,0
586,1,0,0,0,0,1,1.068102273401378,-15.67587098619309,225,1,1.08444,1.00444,1.024438243242194,-0.03174704402981116,0,0
587,1,0,0,0,0,1,1.068378636518418,-9.047775847818295,380,1,1.10263,1.04211,1.025278241135307,-0.00837123771537732,0,0
588,1,0,0,0,0,1,1.105259999789546,-2.231834240212727,380,1,1.10526,1,1.00000000001618,2.605431545763151e-11,14.50711683159371,0
589,1,0,0,0,0,1,1.105259999788706,-2.236942191785565,380,1,1.10526,1,1.00000000001713,2.553607881305817e-11,14.44937516830391,0
590,1,0,0,0,0,1,1.105259999812564,-2.255937550590631,380,1,1.10526,1,1.000000000027837,3.672564891867878e-11,16.28856766775879,0
591,1,0,0,0,0,1,1.105259999812267,-2.258073986997468,380,1,1.10526,1,1.000000000026711,2.524832928247434e-11,16.26315366518635,0
592,1,0,0,0,0,1,1.105259999812467,-2.25664968882432,380,1,1.10526,1,1.00000000002791,3.716936136552091e-11,16.28018694590902,0
593,1,0,0,0,0,1,1.105259999788706,-2.236942191606151,380,1,1.10526,1,1.000000000016688,2.543364490450366e-11,14.44937517863523,0
594,1,1.2,1.6,0,0,1,1.057658564438106,-7.665374076107695,225,1,1.08889,0.933333,1.010564387822669,0.002749594550752402,0,0
595,1,195.6,34,0,0,1,1.068779999991338,-13.07593801706252,63,1,1.06878,0.936508,0.9659477961952072,-0.3055134978780309,352.4690145952638,0
596,1,0,0,0,0,1,1.079555023953486,-5.224155681859101,380,1,1.10526,1.03947,1.010927851250604,-0.01794790846809425,0,0
597,1,0,0,0,0,1,1.079832448277499,-5.18527931892632,380,1,1.10526,1.03947,1.011008173885783,-0.0186373858825475,0,0
598,1,91.90000000000001,10.8,0,0,1,1.065001451159854,-12.94699420481111,225,1,1.08889,1,1.031883382185102,0.004457891940880816,0,0
599,1,86.3,-5.4,0,0,1,1.073354487215685,-18.26332095427374,225,1,1.08889,1.00444,1.046520670039322,0.005330626041909,0,0
600,1,58.6,-0.8,0,0,1,1.073594338176553,-18.14995675671938,225,1,1.08889,1.00444,1.045651487093088,0.005416381678248644,0,0
601,1,96,7.4,0,0,1,1.072671459707476,-5.584908324511928,225,1,1.08444,1.00889,1.001963707135488,4.689888947320718e-06,0,0
602,1,0,0,0,0,1,1.069238984127222,-12.65048326400453,225,1,1.08889,0.986667,1.029903459994426,0.004229967303479487,0,0
603,1,0,0,0,0,1,1.080416178869656,-9.647837359025937,380,1,1.10526,1.03947,1.028161539284177,0.003273110362708492,0,0
604,1,0,0,0,0,1,1.058316217336642,-12.71145010480912,225,1,1.08889,0.911111,1.03025628278348,0.006320072522001016,0,0
605,1,54.7,29.1,0,0,1,1.059858066360033,-11.95218258163219,225,1,1.08889,0.911111,1.027372933513106,0.006865654042047242,0,0
606,1,116.9,24.2,0,0,1,1.073828941496283,-10.78937497104532,225,1,1.08889,0.986667,1.024782602114253,0.004132237041333704,0,0
607,1,225,40.8,0,0,1,1.083557082722193,-22.42622612291735,225,1,1.08444,1.00444,1.063110516292683,0.0001360208169906234,0,0
608,1,0,0,0,0,1,1.087808635348242,-20.13640039849604,225,1,1.08889,1.00444,1.048328463620676,6.035630569253869e-05,0,0
609,1,159.8,24.8,0,0,1,1.07326385354461,-13.85824189980314,225,1,1.08889,0.986667,1.035798940382405,0.002788973384760278,0,0
610,1,169.2,27.3,0,0,1,1.06125473629947,-14.1794976096559,225,1,1.08889,1,1.039516326499366,0.004841008279367576,0,0
611,1,65.09999999999999,12.6,0,0,1,1.050750241987139,-8.099205678758862,225,1,1.08889,0.933333,1.011456053920718,0.003608181249459889,0,0
612,1,58.6,5.7,0,0,1,1.050765663502582,-8.098635842010349,225,1,1.08889,0.933333,1.011471605784805,0.003604949750318402,0,0
613,1,61.4,14.4,0,0,1,1.05072352663323,-8.100825437638971,225,1,1.08889,0.933333,1.011474946612177,0.003614579255808369,0,0
614,1,0,0,0,0,1,1.089564551889048,-12.11400069153869,150,1,1.10667,0.946667,1.02146354392427,0.003148865035052296,0,0
615,1,115.1,25.8,0,0,1,1.085863248001782,-11.83799321951765,225,1,1.08889,0.955556,1.021107770781767,0.003057638237155508,0,0
616,1,33.6,11.4,0,0,1,1.084961784980679,-5.76742914851349,225,1,1.08889,0.933333,1.006542459172308,0.0007331878438656999,0,0
617,1,21.1,8.300000000000001,0,0,1,1.088594668506467,-5.687693797828646,225,1,1.08889,0.888889,0.999151463313603,-0.002567172036410284,0,0
618,1,408.2,120.8,0,0,1,1.075986445941339,-7.4791653811748,225,1,1.08889,0.888889,1.005449026499475,0.001642112095718138,0,0
619,1,67.59999999999999,-51.9,0,0,1,1.077631078948897,-10.44093420560263,225,1,1.08889,1.00444,1.024848296624537,0.003988857077652302,0,0
620,1,-0.9,3.5,0,0,1,1.083011862035668,-13.08760076098318,225,1,1.08444,1.00444,1.030590733141566,-0.001824333543528466,0,0
621,1,25.6,8.6,0,0,1,1.08026390045679,-13.45863415704057,225,1,1.08444,1.00444,1.03309378592977,-0.001324262555560952,0,0
622,1,110.9,25,0,0,1,1.067143574539551,-7.76631534675333,225,1,1.08889,0.933333,1.011528757006917,0.001524858940134831,0,0
623,1,0,0,0,0,1,1.091633475194853,-4.531544301699418,380,1,1.10526,1.03947,1.009466861333063,0.0007089472556138084,0,0
624,1,84.8,17.9,0,0,1,1.081554326787381,-8.934810826117294,225,1,1.08918,1.00444,1.017443153440636,0.003571184729795794,0,0
625,1,0,0,0,0,1,1.084439999551703,-22.13788854639665,225,1,1.08444,1.00444,1.061835740485097,1.297418932836174e-12,6.810583272158637,0
626,1,172.6,27.9,0,0,1,1.080374113180784,-6.859246962486224,225,1,1.08889,0.968889,1.003985006560908,8.03147191672531e-05,0,0
627,1,69.59999999999999,37.6,0,0,1,1.045051207301849,-10.05395970585842,225,1,1.08889,0.986667,1.0236816550179,0.01216560562557746,0,0
628,1,69.59999999999999,43.4,0,0,1,1.044853163407423,-10.05132887365645,225,1,1.08889,0.986667,1.023682171743552,0.01226532421329813,0,0
629,1,69.09999999999999,17.2,0,0,1,1.083318288884709,-19.06181011141593,225,1,1.08889,1.00444,1.053093249940224,0.003499956874449287,0,0
630,1,63.2,15.3,0,0,1,1.066476034011813,-14.01960449539319,225,1,1.08889,0.888889,1.03388701095896,0.005774161677480397,0,0
631,1,34.6,7.5,0,0,1,1.066620331042761,-14.01384708164303,225,1,1.08889,0.888889,1.033729581712013,0.005725549712494941,0,0
632,1,155.4,21.2,0,0,1,1.082928804016894,-20.83766435778766,225,1,1.08889,1.00444,1.050594798126875,0.005484953852501102,0,0
633,1,8.4,5.3,0,0,1,1.088885490618184,-5.573053207358805,225,1,1.08889,1.00444,1.005798734025478,1.947270495662025e-05,0.0006896974631148921,0
635,1,0,0,0,0,1,1.10037471885623,-6.064210031680484,380,1,1.10526,1.04211,1.011050549417966,0.00217424723986632,0,0
637,1,-0.9,1.2,0,0,1,1.08888999985504,-5.51875891043965,225,1,1.08889,1.00444,1.005604219866633,-3.491663105650568e-12,20.88845732267372,0
638,1,-12.1,5.9,0,0,1,1.088889999804285,-5.546458644727482,225,1,1.08889,1.00444,1.005702448539593,-2.203027386114544e-11,15.44921618633931,0
639,1,18.1,-0.9,0,0,1,1.100534880118782,-6.039096797301609,380,1,1.10526,1.04211,1.010957973116193,0.002153717999978064,0,0
640,1,128.2,13,0,0,1,1.069248540717874,-13.74207660988014,225,1,1.08889,0.888889,1.032028889466004,0.005296024109561159,0,0
641,1,106.4,28.8,0,0,1,1.07934373407405,-20.24368747241427,225,1,1.08889,1.00444,1.04936742715876,0.008645867351728004,0,0
642,1,70.3,10.8,0,0,1,1.080374816045602,-20.15834562092787,225,1,1.08889,1.00444,1.048973933343724,0.008437985942777922,0,0
643,1,0,0,0,0,1,1.08596435439298,-5.141723369876628,225,1,1.08889,0.933333,1.004500263007014,0.0003401693450358055,0,0
644,1,77.7,15.3,0,0,1,1.058916321228671,-9.665558759834273,225,1,1.08889,0.986667,1.021668071602476,0.00868473759993647,0,0
645,1,59,25,0,0,1,1.079622292856295,-12.96719705387456,380,1,1.10526,1.03478,1.037664541001273,0.00469086745925996,0,0
646,1,55.4,23.4,0,0,1,1.060641941037664,-12.48078093482634,225,1,1.08889,0.986667,1.0341866346134,0.007636707853298626,0,0
647,1,98.8,21,0,0,1,1.071121500485763,-8.684727726016803,225,1,1.08889,0.968889,1.011048295405058,0.003075418480945096,0,0
648,1,1.1,5.2,0,0,1,1.08242641482232,-12.12554366569378,225,1,1.08889,0.888889,1.0235485527841,0.004024987459865845,0,0
649,1,0,-0.7,0,0,1,0.8692737179917851,-11.22104438777581,150,1,1,0.66,1.016691601966457,-1.256451834946384e-05,0,0
650,1,63.1,-4,0,0,1,1.086616015333702,-11.22069000718906,225,1,1.09162,1,1.016691601888811,5.805107600046287e-11,0,0
651,1,0,0,0,0,1,1.100499401225453,-6.156491492984945,380,1,1.10526,1.03947,1.013284177201059,0.001588940656550158,0,0
652,1,-36.9,-4.8,0,0,1,1.079759272692061,-10.37796687822688,225,1,1.0955,1,1.017036216721959,-0.001434945822146189,0,0
653,1,122.4,26.2,0,0,1,1.075065638934798,-16.98867787614561,225,1,1.08444,1.00889,1.050063771694449,5.52311087370223e-05,0,0
654,1,112.4,15.9,0,0,1,1.07641660900705,-18.10779853242762,225,1,1.08889,1.00444,1.046093688808845,0.005905574322989434,0,0
655,1,67,9.1,0,0,1,1.082702316563272,-8.769118532729863,225,1,1.08939,1.00444,1.017033160114685,0.003336975245741897,0,0
656,1,67.3,15.5,0,0,1,1.082444598620043,-8.766445493723248,225,1,1.08939,1.00444,1.01703941446693,0.003457128290819501,0,0
657,1,8.6,7.9,0,0,1,1.038490241077753,-16.82947097902408,150,1,1.1,0.9,1.037862840190273,0.006324087981779532,0,0
658,1,154.2,18.6,0,0,1,1.075647115806195,-13.58873007376229,225,1,1.08889,0.986667,1.033871789695164,0.002619773589522899,0,0
659,1,-0,0,0,0,1,1.083743672443883,-6.031198707274521,225,1,1.09349,0.986667,1.006958121633415,0.0005658799927240265,0,0
660,1,219.6,62.3,0,0,1,1.06710143256603,-13.9492236146754,225,1,1.08889,0.924444,1.033281963030893,0.005633070453805174,0,0
662,1,-68.7,-9.6,0,0,1,1.041221360822964,-0.01788310828524948,225,1,1.04444,0.982222,1.000588911390125,4.242078134000666e-05,0,0
663,1,0,0,0,0,1,1.04139272632945,0.03676771671454733,225,1,1.04444,0.982222,1.000579257485268,4.141307084884589e-05,0,0
664,1,73.5,23.4,0,0,1,1.059180615523649,-12.01559057188852,225,1,1.08889,0.888889,1.027929270763845,0.007042213044195861,0,0
665,1,101.3,19.6,0,0,1,1.09164356283811,-9.079866378297563,380,1,1.10526,1.05263,1.024084144653488,-0.001551771294622889,0,0
666,1,87.8,27.1,0,0,1,1.023135624871038,-13.09136571310989,225,1,1.08889,0.933333,1.035520824566623,0.003866485490981406,0,0
667,1,96.59999999999999,37,0,0,1,1.063899778919637,-10.8159253294897,225,1,1.08889,0.933333,1.030097349789001,0.006170427181510222,0,0
668,1,94.2,23,0,0,1,1.062868520528956,-12.14623393914353,225,1,1.08889,0.986667,1.030258832973248,0.006432091344167268,0,0
669,1,63.2,8,0,0,1,1.034799354156437,-10.08125353753752,225,1,1.08889,0.933333,1.021757038659479,0.007430559196635615,0,0
670,1,184.7,16.8,0,0,1,1.070326694717214,-14.12548963904372,225,1,1.08889,1,1.043604314134991,-0.00528775713528601,0,0
671,1,47.8,11.7,0,0,1,1.082713952991104,-20.85158760410566,225,1,1.08889,1.00444,1.050908061441913,0.005543963558859349,0,0
672,1,43.8,15.6,0,0,1,1.082650731733508,-20.86493993741702,225,1,1.08889,1.00444,1.050885243554376,0.005554911674709029,0,0
673,1,67.59999999999999,15.2,0,0,1,1.075635675342496,-10.34156610680949,225,1,1.08889,0.986667,1.024246071042979,0.004670591136783908,0,0
674,1,228.1,62.2,0,0,1,1.078920614267858,-7.661271165319432,225,1,1.08444,1.00889,1.007788915775214,0.001548213672646506,0,0
675,1,0,0,0,0,1,1.095647179487747,-2.688978956444407,380,1,1.10263,1.04767,1.003893555600488,0.0003270308305994778,0,0
676,1,194.3,41.4,0,0,1,1.048577871657381,-11.37226704357484,225,1,1.08889,0.933333,1.030580393662839,0.006510940314789942,0,0
677,1,0,0,0,0,1,1.065563146745834,-13.90992641539777,225,1,1.08444,1.00444,1.03648994950706,-0.002083802442664555,0,0
678,1,0,0,0,0,1,1.079231168543762,-12.22980095755868,380,1,1.10263,1.04211,1.037063954843987,-0.002871197758682244,0,0
679,1,0,0,0,0,1,1.079409649377101,-12.20073252585679,380,1,1.10263,1.04211,1.037024253463819,-0.002897192218028148,0,0
680,1,0,0,0,0,1,1.0936779788878,-9.187684843853384,150,1,1.10642,0.9,1.015735260856244,-0.00707633543661368,0,0
681,1,0,0,0,0,1,1.072735194401105,-11.31348962368722,225,1,1.08889,0.986667,1.024851626863766,0.003795646783447963,0,0
682,1,0,0,0,0,1,1.072735194401105,-11.31348962368722,225,1,1.08889,0.986667,1.024851626863767,0.003795646784551647,0,0
683,1,0,0,0,0,1,1.072737670317129,-11.31585031032919,225,1,1.08889,0.986667,1.024852082755499,0.003795611420215058,0,0
684,1,0,0,0,0,1,1.072735194401105,-11.31348962368722,225,1,1.08889,0.986667,1.02485162686377,0.003795646786320785,0,0
685,1,0,0,0,0,1,1.072721279312713,-11.31348818553337,225,1,1.08889,0.986667,1.024851628629557,0.003797064883987978,0,0
686,1,0,0,0,0,1,1.072746915832773,-11.31278544621101,225,1,1.08889,0.986667,1.024851535443909,0.003796284334455794,0,0
687,1,89,21.1,0,0,1,1.072549293308782,-11.32762367990464,225,1,1.08889,0.986667,1.024854382756011,0.003811071325742176,0,0
689,1,0,0,0,0,1,1.077418986934618,-6.780494315451081,225,1,1.08444,1.00889,1.000107444476654,-1.225059846486477e-10,0,0
690,1,7.8,5.7,0,0,1,1.082353855433583,-5.745301357244491,225,1,1.08444,1.00889,0.9987560289260551,-0.0002197639933626526,0,0
691,1,11.3,5.4,0,0,1,1.08235405128634,-5.745689587872047,225,1,1.08444,1.00889,0.9987558865088435,-0.0002214824848802783,0,0
692,1,20.7,12.7,0,0,1,1.080253726695783,-21.29362645414235,225,1,1.08889,1.00444,1.054164293636981,0.008212667242932081,0,0
693,1,10.6,3.6,0,0,1,1.080276395836845,-21.29316462457757,225,1,1.08889,1.00444,1.054146830082469,0.008197763591521485,0,0
694,1,0,0,0,0,1,1.080350184557702,-7.235662954806168,225,1,1.08889,1,1.002752948189017,-0.0001170071598464182,0,0
695,1,95.59999999999999,-7.4,0,0,1,1.079517055280971,-36.59040054875248,225,1,1.08444,1.00444,1.123959650489981,-0.009466070713963716,0,0
696,1,105,4.8,0,0,1,1.078516013850966,-36.4598365175379,225,1,1.08444,1.00444,1.123367631179956,-0.008287987047358562,0,0
697,1,40.3,11.9,0,0,1,1.083092509122357,-6.275374958016714,225,1,1.09218,0.986667,1.008872630253953,0.0002917921565788005,0,0
698,1,309.3,77.7,0,0,1,1.078951366127855,-8.138404317407542,225,1,1.08889,0.986667,1.01892490499439,0.003515355279064247,0,0
699,1,49.9,13.7,0,0,1,1.087312156686798,-18.63703668302533,225,1,1.08889,1.00444,1.043068265568763,0.0006078427954132122,0,0
700,1,115.8,29.4,0,0,1,1.086135116075225,-17.01348419963189,225,1,1.08889,1.00444,1.042470884429063,0.001333903321182841,0,0
701,1,-0.2,-36,0,0,1,1.099067742246386,-9.986847486767473,150,1,1.11033,0.9,1.021944727684317,-0.01295628433896984,0,0
702,1,-5.9,29.9,0,0,1,1.08721175187724,-10.48686091079857,225,1,1.08889,1,1.02204924999191,-0.01667368656032905,0,0
703,1,54.6,12.3,0,0,1,1.082227475998303,-20.90531279883047,225,1,1.08889,1.00444,1.051312341893541,0.005648700890620683,0,0
704,1,0,0,0,0,1,1.086162538627519,-11.32369082080724,225,1,1.08889,1,1.017811751138578,-1.826828909485079e-05,0,0
705,1,361.9,119.9,0,0,1,1.085513816937481,-14.35156792794864,380,1,1.10263,1.04211,1.046043778276656,0.00140099794786851,0,0
707,2,0,0,0,0,1,1.085074658078639,-6.935517220834494,225,1,1.1,0.9,1.000064601930451,-0.0003640991678109424,0,0
708,1,0,0,0,0,1,1.067377210260817,-15.08083339440654,225,1,1.08889,0.888889,1.034459081197273,0.005967327609451782,0,0
1833,1,0,0,0,0,1,1.065397296249984,-14.55414134295007,225,1,1.08889,0.888889,1.037002130427044,0.006115812012616001,0,0
709,1,0,0,0,0,1,1.077931475557393,-12.03956037727273,380,1,1.10526,1,1.034432305132933,0.005368283691511009,0,0
710,1,39.3,43.1,0,0,1,1.063351370379767,-23.87739147877792,225,1,1.08889,1.00444,1.054966440828807,0.00870294266284574,0,0
711,1,259.3,-20.8,0,0,1,1.082077795583456,-16.34392745401982,380,1,1.10526,1.04211,1.05138730289996,0.003473636453909497,0,0
712,1,293.8,37.7,0,80,1,1.064972215230244,-29.49257762769596,225,1,1.08787,1.00444,1.104175861158361,-0.0006664788322691213,0,0
713,1,158.4,64.90000000000001,0,0,1,1.083515704865276,-6.291340022754478,225,1,1.08444,1.00889,1.01013952723241,0.0001965304636317636,0,0
715,1,164.4,-20.4,0,0,1,1.075704565674036,-13.59117888503657,225,1,1.08889,1,1.036399361472671,-0.0007720999037236513,0,0
716,1,34.4,5.7,0,0,1,1.022283100921189,-19.40490936702106,63,1,1.07937,0.920635,1.050151900975682,0.004645206017862929,0,0
717,1,0,0,0,0,1,1.060274687521439,-12.9871038365103,225,1,1.09102,1,1.037153116340126,0.001373627833431633,0,0
718,1,144.8,0.4,0,0,1,1.07845998981679,-11.84282300821539,225,1,1.08889,1,1.024731416882436,0.0002537672718162127,0,0
719,1,0,0,0,0,1,1.087041008562957,-7.474440672973406,380,1,1.10526,1.05263,1.021310570696603,-0.0001144080890815429,0,0
720,1,20.6,10.7,0,0,1,1.057115163517667,-13.88681360357105,225,1,1.08889,0.888889,1.033890072679891,0.007758177529318512,0,0
721,1,20.2,8.4,0,0,1,1.05715065688928,-13.88669441704243,225,1,1.08889,0.888889,1.033887437971279,0.007743371976188791,0,0
722,1,-0,-0,0,0,1,1.067519109470621,-12.48640817142186,225,1,1.08889,0.888889,1.026449854047846,0.005478773275208904,0,0
723,1,63.7,3.3,0,0,1,1.080111922004458,-21.40701041139079,225,1,1.08889,1.00444,1.055143490989097,0.00802664693248332,0,0
724,1,71.7,24.4,0,0,1,1.080054328840081,-21.40705709936259,225,1,1.08889,1.00444,1.055169747829225,0.008074446609461123,0,0
725,1,-0.8,4,0,0,1,1.080179921074783,-21.40021911221494,225,1,1.08889,1.00444,1.055005686383612,0.008028386839213331,0,0
726,1,85.2,23.6,0,0,1,1.075753053381385,-18.22648741467564,225,1,1.08889,1.00444,1.044960079809991,0.004987968748584205,0,0
727,1,17.3,9.9,0,0,1,1.077676625844717,-17.95985691522905,225,1,1.08889,1.00444,1.045203853079274,0.005668515403507731,0,0
728,1,102.8,10,0,0,1,1.028404270850848,-12.3092465969476,225,1,1.08889,0.933333,1.029791882865246,0.001162647674390654,0,0
729,1,79.8,4.4,0,0,1,1.019826260970927,-15.76922092247072,150,1,1.08,0.9666670000000001,1.074167942581139,0.001009584295980292,0,0
730,1,90.8,-32.6,0,0,1,1.076454800782573,-21.71981735836051,225,1,1.08444,1.00889,1.072668898436958,0.001992799143182115,0,0
731,1,107.7,16.9,0,0,1,1.079225769127902,-11.68919868041724,225,1,1.08889,1,1.027933486481048,0.0004015758719831502,0,0
732,1,224.3,50.8,0,0,1,1.08004439446765,-10.6062047516085,225,1,1.08889,0.986667,1.022272184826335,0.003246867811253887,0,0
733,1,0,0,0,0,1,1.095458048029199,-7.150689795256151,380,1,1.10526,1.03947,1.017729498065301,0.002391586841480211,0,0
734,1,182.4,17.5,0,0,1,1.077092405755239,-17.77801061110331,225,1,1.08889,1.00444,1.042546393267741,0.004862255861677703,0,0
735,1,65.3,16.6,0,0,1,1.082445322595945,-20.96029782786568,225,1,1.08889,1.00444,1.051494874877989,0.005479594156184636,0,0
736,1,0,0,0,0,1,1.074133674463478,-6.606337839091084,150,1,1.10667,0.9,1.006120286008349,-0.003934078958208502,0,0
737,1,38.4,4.2,0,0,1,1.085829923505796,-5.154027887114903,225,1,1.08889,0.933333,1.004578112536697,0.0003690670280024863,0,0
738,1,198.3,33.9,0,0,1,1.068138612400625,-9.182612933655042,225,1,1.08889,0.968889,1.013815316156733,0.00353966715796182,0,0
739,1,0,0,0,0,1,1.099844192156487,-3.741000222372476,380,1,1.10526,1,1.006111544256819,0.0004738416526037288,0,0
740,1,242.4,-86.8,0,0,1,1.084439999951511,-37.79517385099212,225,1,1.08444,1.00444,1.129224570282084,-0.01756671551362422,62.95136937400873,0
741,1,287.1,47.6,0,59,1,1.074136086559258,-27.86973441144505,90,1,1.08201,0.977778,1.07300143036681,0.002772773766419387,0,0
742,1,0,0,0,0,1,1.086401613713336,-20.77684161359673,380,1,1.10263,1.04211,1.067541492072861,0.00227405426004142,0,0
743,1,0,0,0,0,1,1.085743235501694,-20.77307304608207,380,1,1.10263,1.04211,1.067537815090211,0.00237207179605857,0,0
744,1,0,0,0,0,1,1.082695941333017,-12.91643263873364,225,1,1.08889,0.986667,1.03011307088527,0.001075515406086735,0,0
745,1,68,15.2,0,0,1,1.083399447999412,-7.384770516663937,225,1,1.08889,0.968889,1.015217561538854,-0.005796620685730832,0,0
746,1,156.2,41.7,0,0,1,1.061217729016718,-12.49414168253437,225,1,1.08889,0.986667,1.032055567761265,0.006631364472616089,0,0
747,1,-1.3,-0.1,0,0,1,1.100925800426541,-8.733898770860497,20,1,1.1081,0.9,1.010521357115173,-0.009640257048102235,0,0
748,1,0,0,0,0,1,1.100899111079894,-8.736237481706542,150,1,1.10792,0.9,1.010562940729442,-0.009637060001734594,0,0
749,1,0,0,0,0,1,1.080635249174208,-8.042180100670894,225,1,1.08889,1,1.007718643929621,0.001113281603942795,0,0
750,1,51.5,16.7,0,0,1,1.051723927231432,-16.74449965084246,225,1,1.08889,0.888889,1.050589781834468,0.008573974913256325,0,0
751,1,-4.6,-1.1,0,0,1,1.062948925842458,-14.10789481625454,225,1,1.08889,0.888889,1.035285427185664,0.005954143473185089,0,0
752,1,110.3,7.4,0,0,1,1.078366873975941,-6.517484136359491,225,1,1.08444,1.00889,1.003038893183461,4.65488600843561e-05,0,0
753,1,-9,2.9,0,0,1,1.100458383288386,-8.366787976058877,150,1,1.13227,0.9,1.002346417522386,-0.005726967999708375,0,0
754,1,168.4,48.5,0,0,1,1.052269076543566,-12.78435851490679,225,1,1.08889,0.986667,1.031236746942925,0.005864233719351772,0,0
755,1,-3.5,0.2,0,0,1,1.05098269132456,-8.067767591502637,225,1,1.08889,0.933333,1.011253712836729,0.003564155569814915,0,0
756,1,96.40000000000001,21.7,0,0,1,1.083653698735517,-19.04097174900221,225,1,1.08889,1.00444,1.052618010898042,0.003400990929225368,0,0
757,1,76.7,1.6,0,0,1,1.064796225069535,-15.66248953604092,225,1,1.08926,0.986667,1.048110241099641,0.004444016875016725,0,0
758,1,133.2,30.7,0,0,1,1.084828705515012,-18.16949896391005,225,1,1.08889,1.00444,1.050555072324706,0.0003140872897636994,0,0
759,1,40.7,-2.1,0,0,1,1.075862404349851,-18.19575937909526,225,1,1.08889,1.00444,1.04503060710078,0.004829240730143481,0,0
760,1,74.09999999999999,45.2,0,0,1,1.088889999179147,-5.22332826799047,225,1,1.08889,0.933333,1.000242063589763,2.120421885466968e-10,3.716869650298089,0
761,1,263.1,134.7,0,0,1,1.029113194059153,-11.77201747799695,225,1,1.08889,0.933333,1.026325523639723,0.0004567158721287689,0,0
762,1,0,0,0,0,1,1.080897857719915,-7.096414682188731,225,1,1.08889,0.977778,1.009821006640745,2.313904381945337e-10,0,0
763,1,0,0,0,0,1,1.055096200215226,-13.61652159524761,225,1,1.08889,0.986667,1.041232879019335,0.009497075246721829,0,0
764,1,0,0,0,0,1,1.075125423376139,-10.0304520291411,380,1,1.10526,1.03947,1.033883455776175,0.00755098013890856,0,0
765,1,0,0,0,0,1,1.077975104043954,-6.661176863015052,225,1,1.08889,0.888889,1.002305898470645,0.003554645483126241,0,0
766,1,0,0,0,0,1,1.089398572995799,-3.229783582660849,380,1,1.10526,1,1.003050254629512,0.003039712683216855,0,0
767,1,141,6,0,0,1,1.06947305627314,-12.92637929533153,225,1,1.08889,1.00444,1.035114923895256,0.005717355754131492,0,0
768,1,0,0,0,0,1,1.077808751822085,-7.342181910480743,225,1,1.08889,0.977778,1.011682959945966,-1.008868005523696e-09,0,0
769,1,0,0,0,0,1,1.077104983553838,-8.800199480447088,225,1,1.08889,0.986667,1.014384762968652,0.003929246923392215,0,0
770,1,0,0,0,0,1,1.084702369654157,-7.215159098555524,225,1,1.09158,1,0.9999999999683458,-3.58039663912145e-10,0,0
771,1,87.5,-4.2,0,0,1,1.068120261050648,-8.977088037877772,225,1,1.08972,0.933333,1.017254298506832,0.0009483728583355727,0,0
772,1,0,0,0,0,1,1.064168200240724,-9.02333558046325,225,1,1.08889,0.986667,1.016400923138604,0.00672868952462646,0,0
774,1,0,0,0,0,1,1.081765381124431,-6.792769468343838,380,1,1.10526,1.03947,1.014898993464946,0.004969771248775418,0,0
2016,1,0,0,0,-64,1,0.939008787129503,-11.36516251353433,20,1,1.05,0.925052,1.021391967799752,0.006031930759481775,0,0
775,1,88.8,13.7,0,0,1,1.066435328810501,-11.0875002761367,225,1,1.08444,1.00444,1.023245441997845,-0.0004140552923514007,0,0
776,1,334.7,69.5,0,0,1,1.090359793871298,-6.815139792290557,380,1,1.10263,1.04211,1.018661353753566,-0.002589106297200382,0,0
777,1,47.4,6.1,0,0,1,1.053596055264901,-9.884849026379921,225,1,1.08889,0.933333,1.026250268578228,0.003584860050498846,0,0
778,1,43.2,1.1,0,0,1,1.069008308704773,-12.46546073206099,225,1,1.09044,0.986667,1.033729492559609,0.003693334320692005,0,0
779,1,94.90000000000001,-1.6,0,0,1,1.031180118203436,-17.11014936554294,63,1,1.10555,0.920635,1.034048816723514,0.00142816216654025,0,0
780,1,90,22.9,0,0,1,1.034953103816243,-12.97602833263261,63,1,1.10555,0.920635,1.029367440961503,-0.005760492181751176,0,0
783,1,0,0,0,0,1,1.070443774277402,-12.29986591351543,225,1,1.09318,1,1.032086641475092,-0.001152839963735205,0,0
784,1,0,0,0,0,1,1.09472759181359,-10.79932523426067,380,1,1.10526,1.04758,1.028415051477739,-0.006041741695643451,0,0
785,1,0,0,0,0,1,1.079122701425285,-36.30983889694465,225,1,1.08444,1.00444,1.122410159430375,-0.008331441316459146,0,0
786,1,0,0,0,0,1,1.080411585015634,-30.75569804504882,380,1,1.10263,1.04211,1.11515604541147,-0.003754559355593695,0,0
787,1,0,0,0,0,1,1.075419170161018,-32.73578256813304,380,1,1.10263,1.04211,1.121623870404272,-0.003794747697086742,0,0
788,1,219.4,31.7,0,0,1,1.050825627656543,-13.95383329285474,225,1,1.08889,1,1.040140034928531,0.004977427902776926,0,0
789,1,117.8,18.9,0,0,1,1.086088707172225,-20.01472871627216,225,1,1.08889,1.00444,1.046999921404823,0.005056160788141908,0,0
790,1,106.1,13.6,0,0,1,1.077016747288324,-18.59522465619552,225,1,1.08889,1.00444,1.046511385372892,0.004471681585276602,0,0
791,1,-4.1,0.5,0,80,1,1.087625991283829,-11.63628063358778,225,1,1.08889,0.955556,1.019942650184833,0.00266204221831373,0,0
792,1,130.6,27.4,0,0,1,1.090319250680521,-8.339618126214509,380,1,1.10526,1,1.019560781384179,0.002604690066655624,0,0
793,1,90.59999999999999,45.9,0,0,1,1.082322370490019,-11.93056859392877,225,1,1.08889,0.888889,1.021166425623437,0.004475178212770544,0,0
794,1,147.6,-39.9,0,0,1,1.058363013725504,-27.22425057681939,225,1,1.08444,1.00444,1.094601940862678,-0.00818044062960465,0,0
795,1,151.3,62.4,0,0,1,1.050873808935157,-11.62307750140434,225,1,1.08889,1,1.031350584868159,0.006616429784243551,0,0
796,1,0,0,0,0,1,1.089644345212215,-4.824981462617305,225,1,1.09255,0.986667,1.000502521252894,9.77905758725634e-12,0,0
797,1,0,0,0,0,1,1.089674922466383,-4.818155932768468,225,1,1.09255,0.986667,1.000422999282413,7.153280829554299e-12,0,0
798,1,94.7,19.6,0,0,1,1.08004096060526,-10.26587501170328,225,1,1.08444,1.00889,1.029032000326317,0.0001919603147641683,0,0
799,1,29.1,8.300000000000001,0,0,1,1.023115062831802,-13.09255631513444,225,1,1.08889,0.933333,1.035548651024892,0.003874169103168488,0,0
800,1,7.3,-3.3,0,0,1,1.051675894767644,-14.32716790935606,225,1,1.08889,0.888889,1.03707782447596,0.009434632068616017,0,0
801,1,0,0,0,0,1,1.09129999996557,-6.237952384430428,225,1,1.0913,0.888889,1.00698146330973,-0.007766721438159422,88.67595958635975,0
802,1,0,0,0,0,1,1.098280970913207,-3.605601264987609,380,1,1.10526,1,1.005575708160233,-2.626894369969509e-05,0,0
803,2,0,0,0,0,1,1.075769999832507,-6.378168864864367,225,1,1.07577,0.95,1.006443980104681,-0.0006248443004521326,18.22284549369764,0
804,1,23.8,6,0,0,1,1.067220843099554,-23.84832366516317,225,1,1.08444,1.00889,1.086015088383611,0.003147350784491749,0,0
805,1,0,0,0,0,1,1.093778776691552,-7.884732729675817,380,1,1.10526,1.04211,1.024887921962574,-0.0001267561332607542,0,0
806,1,50,19.3,0,0,1,1.078942467397009,-21.52505440796515,225,1,1.08889,1.00444,1.055920347593595,0.008369944345069791,0,0
807,1,41.5,7.3,0,0,1,1.082666623589674,-20.9066819737273,225,1,1.08889,1.00444,1.051252321914059,0.005453780443787367,0,0
808,1,18,1.9,0,0,1,1.066591892339663,-7.641032526653377,225,1,1.08889,0.933333,1.011527187884981,0.001675098916110584,0,0
809,1,0,0,0,0,1,1.086709134689341,-11.20575961809431,225,1,1.08992,1,1.016561679332497,-1.594719786692745e-10,0,0
810,1,136.6,42.9,0,80,1,1.079565356562194,-30.87337489427686,225,1,1.08444,1.00444,1.100326747757272,-0.025061564668152,0,0
811,1,5.6,4.8,0,0,1,1.054187229665065,-10.39207637773865,225,1,1.08889,0.933333,1.023798866096305,0.005255204066312166,0,0
812,1,65.2,13.4,0,0,1,1.061652717288957,-8.988598655225593,225,1,1.08889,0.933333,1.015324812633739,0.003402080378596847,0,0
813,1,0,0,0,0,1,1.078052491543324,-17.18365911021726,225,1,1.08889,1.00444,1.039503433748946,0.006206611158160946,0,0
814,1,0,0,0,0,1,1.091464853666023,-11.91894421565272,380,1,1.10526,1.04211,1.035324886296369,0.004872623481406,0,0
815,1,1,-0.2,0,0,1,1.090626461177091,-7.830415079687831,150,1,1.10877,0.9,1.003514407002732,-0.00159726260332053,0,0
816,1,-63.9,4.1,0,0,1,1.080236668016221,-10.21478196524948,225,1,1.09524,1,1.01581308377296,-0.001362074409761209,0,0
817,2,0,0,0,0,1,1.107892732595529,-7.802952511775855,150,1,1.10847,0.9,0.9999999996499862,-0.01010737711492154,0,0
818,1,87.3,25.3,0,0,1,1.064520668454868,-8.191618846274901,225,1,1.08889,0.933333,1.011138283261496,0.002492392082774196,0,0
819,1,0,0,0,0,1,1.065836770443199,-8.087721814849552,225,1,1.08889,0.933333,1.010798260340307,0.002488557748924701,0,0
820,1,0,0,0,0,1,1.057674579544002,-7.661137594941163,225,1,1.08889,0.933333,1.010542482889587,0.002747741991990087,0,0
821,1,0,0,0,0,1,1.080591255768542,-3.928012904437839,380,1,1.10526,1.03947,1.010060779257406,0.001473055883094597,0,0
822,1,71.5,14.8,0,0,1,1.08241766630982,-7.502873890414361,225,1,1.08889,0.888889,1.016147079824375,-0.00560737365370704,0,0
823,1,72,14.6,0,0,1,1.082324299298081,-7.541098169715696,225,1,1.08889,0.888889,1.016072578996411,-0.005626654578439506,0,0
824,1,65.7,18.3,0,0,1,1.04765605380303,-19.40864908573093,225,1,1.08889,1.00444,1.049614841927698,0.009938263904610395,0,0
825,1,186.5,63.4,0,0,1,1.062169710571871,-7.522321794906373,225,1,1.08889,0.933333,1.010848852370603,0.002353701031372541,0,0
826,1,3.8,0.9,0,0,1,1.085015929305578,-18.9782741747431,225,1,1.08889,1.00444,1.046103714086888,0.0009967048014036825,0,0
827,1,54.1,7.9,0,0,1,1.084745088176936,-7.243906668649555,225,1,1.09148,1,1.000217459602396,-6.899423445634871e-05,0,0
829,1,132.8,-3.9,0,0,1,1.084444106466489,-18.96656259029623,380,1,1.10263,1.04211,1.061072305289683,0.002607029210415493,0,0
830,1,82.09999999999999,27.3,0,0,1,1.060307916530883,-9.44629858420968,225,1,1.08889,0.986667,1.018778509454279,0.007513560453188461,0,0
831,1,81.5,38.4,0,0,1,1.059226779738478,-9.432769610900367,225,1,1.08889,0.986667,1.018750896514216,0.007831378286005952,0,0
832,1,9.4,2.2,0,0,1,1.099190360918827,-9.511409808966379,150,1,1.10844,0.9,1.017786100385634,-0.01135751419210672,0,0
833,1,28.4,7.7,0,0,1,1.088452929901108,-18.49558087380201,225,1,1.08889,1.00444,1.042258516947701,0.000398335300100347,0,0
834,1,12.7,2.6,0,0,1,1.087941988608641,-16.75223693155436,225,1,1.08889,1.00444,1.041418311240893,0.001069331884432663,0,0
835,1,0,0,0,0,1,1.088667893858108,-19.59407103444795,225,1,1.08889,1.00444,1.043666415062676,0.0005636824213077892,0,0
836,1,0,0,0,0,1,1.088470518616991,-18.49292719885863,225,1,1.08889,1.00444,1.042248485396904,0.0003959318701319619,0,0
837,1,0,0,0,0,1,1.087948988231296,-16.7510444781404,225,1,1.08889,1.00444,1.04140932554671,0.001068421242740256,0,0
838,1,0,0,0,0,1,1.086645428565375,-13.623918756851,380,1,1.10526,1.03706,1.040083777473036,0.002612699632044188,0,0
839,1,0,0,0,0,1,1.086893092275719,-13.25349242912379,380,1,1.10526,1.03706,1.039159813904474,0.002722631192911098,0,0
840,1,120,-10,0,0,1,1.085017795593897,-11.54574008491129,225,1,1.08889,1,1.028085500141473,-0.001094813153588512,0,0
841,1,135.1,24.1,0,0,1,1.049413682273548,-18.61779123691814,225,1,1.08889,1.00444,1.050231910015934,0.009683377438509978,0,0
842,1,0,0,0,0,1,1.075953792210245,-7.140433425301441,225,1,1.08444,1.00889,1.011186435032157,4.031654188469067e-06,0,0
843,1,0,0,0,0,1,1.064644397199689,-8.192298559210673,225,1,1.08889,0.933333,1.011138342111685,0.00246840134444112,0,0
844,1,135.5,54.6,0,0,1,1.050968702764834,-8.462158579429316,225,1,1.08889,0.933333,1.013470676121273,0.003644619562472886,0,0
845,1,212.2,25.3,0,0,1,1.081857225150931,-22.32735103564147,225,1,1.08444,1.00889,1.074651519258843,0.0006437191158038767,0,0
846,1,391.8,5.4,0,0,1,1.067799313423257,-12.9977714008652,225,1,1.09377,1,1.035014107135564,0.002782067589509038,0,0
847,1,52.9,4.6,0,0,1,1.073711529018153,-8.039330757933865,225,1,1.08444,1.00889,1.016114765765839,0.0007700947220698341,0,0
848,1,154.1,21.2,0,0,1,1.082848844967838,-20.8372531977456,225,1,1.08889,1.00444,1.050586330599176,0.005511414491637803,0,0
849,1,98.90000000000001,21.8,0,0,1,1.086932884540423,-5.646227422882302,225,1,1.09068,0.986667,1.005765846847532,0.0003967239222628442,0,0
851,1,0,0,0,0,1,1.100922925228201,-3.502439643939024,380,1,1.10526,1.03947,1.004935817068272,0.0004099106514344648,0,0
853,1,158.3,7.8,0,0,1,1.063947371064657,-12.27964375562693,225,1,1.08444,1.00444,1.033252186181183,-0.000902074845264429,0,0
854,1,48.6,8.699999999999999,0,0,1,1.072642136667551,-10.47365138529182,225,1,1.08889,1,1.022717863671363,0.001992160912927788,0,0
855,1,55,9.800000000000001,0,0,1,1.065684975940455,-10.72426273475441,225,1,1.08889,1,1.023453377232704,0.003287028743512661,0,0
857,1,0,0,0,0,1,1.07537850675592,-6.475840587153685,380,1,1.10526,1.05263,1.020456046453909,0.001359759285273195,0,0
858,1,-47.8,14.7,0,0,1,1.085487377397408,-8.500262838892167,225,1,1.08861,0.95,1.011344096835132,4.720999781528479e-10,0,0
859,1,39.9,5.4,0,0,1,1.057682714316472,-13.83701201493723,225,1,1.08889,0.888889,1.033105616210148,0.007666675041775108,0,0
860,1,0,0,0,0,1,1.085126774486945,-13.41573055291527,225,1,1.08889,1.00444,1.035385591024131,0.001388231743328033,0,0
861,1,0,0,0,0,1,1.085107215736742,-13.41733109327519,225,1,1.08889,1.00444,1.035395855951452,0.001392722305728938,0,0
862,1,0,0,0,0,1,1.095097445866366,-3.603140241662984,380,1,1.1078,1.05233,1.000085117455119,-5.65653944635791e-06,0,0
863,1,0,0,0,0,1,1.095125358074839,-3.588231843298197,380,1,1.10791,1.05214,0.9999999999867016,-1.487749588054235e-11,0,0
864,1,0,0,0,0,1,1.095125358100276,-3.588231843294834,380,1,1.10791,1.05214,0.9999999999856195,-2.236312502604139e-11,0,0
865,1,159,1.2,0,0,1,1.065256843525225,-13.76279671581683,225,1,1.08444,1.00444,1.04266035204611,0.002758783917759383,0,0
866,1,45.2,1.8,0,0,1,1.07781701846464,-18.46083120492217,225,1,1.08889,1.00444,1.045973245644093,0.004339258259399737,0,0
867,1,42,1.8,0,0,1,1.079136964040448,-18.46633426144529,225,1,1.08889,1.00444,1.045929998804906,0.003993537429671169,0,0
868,1,93.90000000000001,27.8,0,0,1,1.044898649092585,-11.6287631161818,225,1,1.08889,0.933333,1.031866662843974,0.001944177858396641,0,0
869,1,92.2,24.1,0,0,1,1.075663047419962,-6.907070627328978,225,1,1.0948,0.986667,1.012413710487448,0.001902841424890945,0,0
870,1,155.3,88.8,0,0,1,1.067492187158736,-10.96517476779529,225,1,1.08889,1,1.025451742518994,0.003174426496479776,0,0
871,1,37.6,-7.7,0,0,1,1.077191109559726,-6.748390646452991,225,1,1.08889,0.933333,1.002518441095841,2.66217099273127e-11,0,0
872,1,66.40000000000001,0.5,0,0,1,1.044798673678746,-11.38115812168506,225,1,1.08889,0.933333,1.028837331148957,0.0007769424595324608,0,0
873,1,81.40000000000001,24.6,0,0,1,1.078612031375575,-21.57513450393267,225,1,1.08889,1.00444,1.056169034053298,0.008425515983638299,0,0
874,1,0,0,0,0,1,1.100780418197845,-6.326819543537838,380,1,1.10526,1.03947,1.014527801157705,0.001687085456420112,0,0
875,1,66.7,3.9,0,0,1,1.074071902874483,-17.89063720259895,225,1,1.08889,1.00444,1.043585073886484,0.006826055489898794,0,0
876,1,2,-1.7,0,0,1,1.073849235067195,-10.12625591380063,225,1,1.08623,0.95,1.020147228601485,0.005778552333016506,0,0
877,1,0,0,0,0,1,1.077268607365285,-8.778072459639276,225,1,1.08889,0.986667,1.014380404000048,0.003927894898173251,0,0
878,1,0,0,0,0,1,1.077263717047945,-8.77806606864789,225,1,1.08889,0.986667,1.014380402806028,0.00392794432696845,0,0
880,1,0,0,0,0,1,1.077267391395267,-8.77807232547786,225,1,1.08889,0.986667,1.014380403989566,0.003927907140515121,0,0
881,1,32,19.5,0,0,1,1.074476137561228,-8.552450866002069,150,1,1.1,0.9,1.016827462779976,0.009677827875241393,0,0
882,1,143.7,25.6,0,0,1,1.08505935248903,-6.925081311775114,380,1,1.10526,1.03947,1.016984001606253,0.002368289333264363,0,0
883,1,63.9,14.8,0,0,1,1.068407121509863,-13.84789391989837,225,1,1.08889,0.888889,1.033054271619283,0.005459048514140674,0,0
884,1,42.4,-2.9,0,0,1,1.069167344259082,-13.82412041571161,225,1,1.08889,0.888889,1.032717001492439,0.005172829998111955,0,0
885,1,30.5,1,0,0,1,1.081447287419145,-5.969512063737078,225,1,1.08787,0.95,1.007344175667757,0.001499381503683932,0,0
886,1,4.7,0.6,0,0,1,1.082651056256553,-17.96309647534197,225,1,1.08889,1.00444,1.046124368614766,0.00465873069882531,0,0
887,1,153.6,58.8,0,0,1,1.08265322687567,-17.96289739049425,225,1,1.08889,1.00444,1.046120726727936,0.004658445799997516,0,0
888,1,0,0,0,0,1,1.084618546136372,-6.025106030258759,225,1,1.08889,0.977778,1.00915535381642,5.581858715940253e-11,0,0
889,1,0,0,0,0,1,1.040712441222701,-2.000442362706511,380,1,1.10263,0.988239,1.007681016678619,1.978436361980029e-11,0,0
890,1,41.6,-17.3,0,0,1,1.10187341116935,-10.2637625924388,380,1,1.10526,1.03947,1.029508065590755,0.0007064828360396995,0,0
891,1,89.09999999999999,-15.3,0,0,1,1.10080988361203,-9.987875942253837,380,1,1.10526,1.03947,1.028024354671891,0.0009116466851822844,0,0
892,1,153.6,35.9,0,-80,1,1.080288421951525,-21.29252014900592,225,1,1.08889,1.00444,1.054131285477721,0.008193253537251248,0,0
893,1,122.3,-10.9,0,0,1,1.075133370594101,-13.27825769628916,225,1,1.10192,1,1.037306027934989,-0.0004052613747776397,0,0
894,1,60.7,13.8,0,0,1,1.084483356851483,-18.22249277323183,225,1,1.08889,1.00444,1.051098503534621,0.0003492555012901487,0,0
895,1,46,6.1,0,0,1,1.087786412811498,-20.33392927488194,225,1,1.08889,1.00444,1.049121786603691,0.00411723166794838,0,0
896,1,149.2,39.2,0,0,1,1.069470563526523,-14.3594942644948,225,1,1.08889,1.00444,1.041357281471053,0.001169571943390753,0,0
897,2,0,0,0,0,1,1.099999992056641,-7.241690754961163,150,1,1.1,0.9,1.00000000000297,1.0305689758368e-09,0.3822514239947558,0
898,1,0,0,0,0,1,1.078143165797797,-16.14458228014876,225,1,1.08444,1.00889,1.045463098117176,1.898690680067136e-05,0,0
899,1,0,0,0,0,1,1.078776032519821,-14.3722104769675,380,1,1.10263,1.02895,1.046499863339065,0.002274076606344249,0,0
900,1,16.8,5,0,0,1,1.067537602643418,-19.9722398071094,225,1,1.08889,1.00444,1.0494535748309,0.007123475269355913,0,0
901,1,45,12.4,0,0,1,1.067363331913186,-19.98190436205407,225,1,1.08889,1.00444,1.049698214612876,0.007180644414095585,0,0
902,1,34.6,34.8,0,0,1,1.071958524775743,-9.264530665909604,225,1,1.08444,1.00889,1.015592336472924,0.002708608960688924,0,0
903,1,0,0,0,0,1,1.062350792017857,-19.48052223525532,225,1,1.08444,1.00444,1.037012081881894,-0.05207811735954322,0,0
904,1,122.4,28.5,0,0,1,1.065430211198766,-21.34165148500136,225,1,1.08444,1.00444,1.034858394215216,-0.06156029956167423,0,0
905,1,109.3,29,0,0,1,1.03056842172357,-17.21007525930175,225,1,1.08889,0.902222,1.052553232156911,0.01378793072048871,0,0
906,1,23.2,15.4,0,0,1,1.084980189487185,-18.86526633467956,225,1,1.08889,1.00444,1.050964605693669,0.003178853560623222,0,0
907,1,8.6,8.4,0,0,1,1.085227882267586,-18.08612123187223,225,1,1.08889,1.00444,1.049998820645154,0.000287164511742544,0,0
908,2,13,0,0,0,1,1.103034982038124,-8.435518849578447,150,1,1.10879,0.9,1.007388749206355,-0.009785611514027834,0,0
909,1,120.1,32.1,0,0,1,1.073192123904871,-17.92248723445091,225,1,1.08889,1.00444,1.04379005206728,0.007062768029623387,0,0
910,1,150.1,57.4,0,0,1,1.040319087082779,-21.00627715395333,225,1,1.08889,1.00072,1.057863131230641,0.0111996111052028,0,0
911,1,158.1,107.7,0,0,1,1.097820600618902,-6.329975176118388,380,1,1.10526,1.03947,1.013903543340198,0.002000853758422966,0,0
912,1,46.6,11.2,0,0,1,1.086498101469718,-17.85070306097766,225,1,1.08923,1.00444,1.048668670416994,8.584253330706589e-05,0,0
913,1,45,10.3,0,0,1,1.086537930809769,-17.8484630067913,225,1,1.08923,1.00444,1.048616607445636,7.228895667849911e-05,0,0
914,1,38.4,7.3,0,0,1,1.08656341536171,-17.84745426466397,225,1,1.08923,1.00444,1.04858974851745,6.007574394687497e-05,0,0
915,1,0,0,0,0,1,1.105259999894942,-9.666572382423549,380,1,1.10526,1.03947,1.027992051920619,4.582276311684838e-11,29.05843589625118,0
916,1,26.6,15.1,0,0,1,1.104809539615778,-9.763980178659953,380,1,1.10526,1.03947,1.028157437389316,7.147544823308748e-05,0,0
917,1,15.5,7.2,0,0,1,1.041649344340972,0.1507712973133841,225,1,1.04444,0.982222,1.000345723715289,2.719500502481404e-05,0,0
918,1,0,0,0,0,1,1.07611042751169,-6.409621079676292,225,1,1.08444,1.00889,1.007758077683657,-2.493626369301606e-10,0,0
919,1,214.5,3.3,0,0,1,1.060394781763381,-15.12017481931732,225,1,1.08444,1.00444,1.037826877169453,0.002088565448092258,0,0
920,1,0,0,0,0,1,1.088760190922907,-4.066059130334966,225,1,1.08889,0.933333,0.9999980920383551,-1.353518277945544e-05,0,0
921,2,0,0,0,0,1,1.099561647696056,-7.241690787958701,150,1,1.1,0.9,1.000000000036173,-1.381487731089345e-11,0,0
922,1,18.3,5.4,0,0,1,1.08721051005457,-20.32476093943006,225,1,1.08998,1.00444,1.048644515758645,0.004689577193119982,0,0
923,1,154.6,19.8,0,0,1,1.046258910616228,-15.59359233062912,225,1,1.08889,0.915556,1.042400620949796,0.01006700760932772,0,0
924,1,94.7,16.8,0,0,1,1.067176219376232,-20.01227736036397,225,1,1.08889,1.00444,1.049999864103769,0.007187165492611554,0,0
925,1,131.4,15.4,0,0,1,1.08901605761133,-17.26545182258153,225,1,1.0907,1.00444,1.043626626002231,0.0002870452334569576,0,0
926,1,28.5,13.8,0,0,1,1.066819136749504,-11.53205021449616,225,1,1.08889,0.986667,1.026828668186646,0.005750810152397859,0,0
927,1,0,0,0,0,1,1.066819136749504,-11.53205021449616,225,1,1.08889,0.986667,1.026828668186644,0.005750810151284287,0,0
928,1,0,0,0,0,1,1.066988062232062,-11.51062227577442,225,1,1.08889,0.986667,1.026823067928012,0.005748896063367761,0,0
929,1,57.2,14.6,0,0,1,1.050596616916494,-8.473053765133162,225,1,1.08889,0.933333,1.013514555755861,0.003690917744030863,0,0
930,1,0,0,0,0,1,1.076038391244023,-6.616692873192343,225,1,1.09639,0.986667,1.010172884692075,0.00248724022070005,0,0
931,1,84,20.3,0,0,1,1.078783939827564,-8.310267163473547,225,1,1.08889,1,1.007534602408989,0.000545592258244301,0,0
932,1,17.3,1.2,0,0,1,1.075504977999155,-13.60453246779149,225,1,1.08889,1,1.035671677290954,-0.0004196325404858915,0,0
933,1,286.9,89.40000000000001,0,0,1,1.031093587755487,-15.60096211472525,225,1,1.08889,0.986667,1.064420439929286,0.01552461168547616,0,0
934,1,0,14.5,0,0,1,1.11248999990375,0.8796519499698501,380,1,1.11249,1.04211,1.000000001142641,3.126555776911451e-11,31.72090645578121,0
935,1,31.5,22.4,0,0,1,1.112489999902498,0.8426689123394645,380,1,1.11249,1.04211,1.000035406461718,2.682268480952602e-11,31.31073687599819,0
936,1,0.1,60.5,0,0,1,1.112489999900091,0.5740962355340989,380,1,1.11249,1.04211,1.000729445767097,2.102734918837126e-11,30.55816634984368,0
937,1,17.5,32.2,0,0,1,1.112489999903312,0.8602673582415392,380,1,1.11249,1.04211,1.000100628277665,3.907727294593261e-11,31.57587651808518,0
938,1,293.2,30.7,0,0,1,1.084347981845287,-8.843434417509556,225,1,1.08444,1.00889,1.021378955117526,6.465391170849346e-05,0,0
939,1,-0.1,0.8,0,0,1,1.07200494063262,-22.208242812969,225,1,1.08604,1.00444,1.061905130069271,0.003254128304296112,0,0
940,1,12.1,5.5,0,0,1,1.070141270869398,-22.35648036362658,225,1,1.08604,1.00444,1.063261948036885,0.003788238311573125,0,0
941,1,161.9,15.5,0,0,1,1.066323645975479,-7.253111533574941,225,1,1.08889,0.933333,1.01023245980422,0.00148794429814481,0,0
942,1,68.7,21.4,0,0,1,1.038932987797181,-21.18134661662696,225,1,1.08889,0.999652,1.059316130249111,0.01153163782535324,0,0
943,1,117.8,26.4,0,0,1,1.066722461532954,-7.373069415387096,225,1,1.08889,0.933333,1.019733294082484,0.006179354248157401,0,0
944,1,123.3,32.9,0,0,1,1.050926697062636,-17.75503686714885,225,1,1.08889,1.00444,1.043330307014405,0.009965095797793273,0,0
945,1,88.09999999999999,21.7,0,0,1,1.080881508727532,-13.87833866764072,225,1,1.08889,1.00444,1.039123293891622,0.002316468215548947,0,0
946,1,118.7,18.6,0,0,1,1.004941177941153,-20.92772269353078,63,1,1.07937,0.920635,1.071742589975054,0.009106488885786771,0,0
947,1,112.7,27.5,0,0,1,1.070631030368665,-11.72907945832296,225,1,1.08889,1,1.026865603358835,0.00157733534619439,0,0
948,1,0,-4.4,0,0,1,1.089609062694174,-4.941302062279142,225,1,1.09232,0.986667,1.000896436348359,-5.682091723055923e-05,0,0
949,1,20.1,7.7,0,0,1,1.08223940029572,-12.80150073025636,380,1,1.10526,1.0357,1.038277899400884,0.004928130341757444,0,0
950,1,199,38.3,0,0,1,1.105259999972876,-1.769270150161962,380,1,1.10526,1.04211,1.005833644947004,5.019293956296773e-05,112.5589001862165,0
951,1,0,0,0,0,1,1.105975514469912,-1.551475351503303,380,1,1.10626,1.04211,1.005356757878956,1.937096897201998e-11,0,0
952,1,-7.1,-6.4,0,0,1,1.105957896219347,-1.559444495139653,380,1,1.10626,1.04211,1.005354306076874,1.865347860491597e-11,0,0
953,1,144.8,24.1,0,80,1,1.079436782702778,-14.3754185932601,225,1,1.08889,0.888889,1.037565057092977,0.00193663725097802,0,0
954,1,45.4,13.4,0,0,1,1.050688929077585,-8.492190010722913,225,1,1.08889,0.933333,1.013901841097853,0.003689506258896877,0,0
955,1,0,0,0,0,1,1.080185191687264,-21.40051941990557,225,1,1.08889,1.00444,1.055007969330594,0.008021349402956922,0,0
956,1,42.8,10.3,0,0,1,1.067899130072359,-19.2520841083148,225,1,1.08889,1.00444,1.045576663384688,0.007563898759151383,0,0
957,1,100.9,11.2,0,0,1,1.061219503365652,-14.92658078881074,225,1,1.08889,0.96,1.039320944952084,0.006727589787362285,0,0
958,1,342.6,72.40000000000001,0,0,1,1.052330763286493,-13.57089376920491,225,1,1.08889,1,1.038304304497035,0.004934219072408648,0,0
959,1,83.40000000000001,16.8,0,0,1,1.066882118062893,-11.24697631100463,225,1,1.08889,1,1.027466850224606,0.003018624006829704,0,0
960,1,1.9,1.3,0,0,1,1.081553820475796,-6.34137894885616,225,1,1.08889,0.977778,1.007453739647243,-0.001700959142845897,0,0
961,1,0.8,5.7,0,0,1,1.094334995224641,-10.75806019296738,380,1,1.10263,1.04211,1.03230919843566,-2.310979437802689e-05,0,0
962,1,0,0,0,80,1,1.086660508527179,-17.84011214732586,225,1,1.08935,1.00444,1.048433543562963,4.301380556857615e-05,0,0
963,1,135,27,0,0,1,1.079877764704529,-6.331571434159364,380,1,1.10526,1.05263,1.018149600931298,-0.0009522610958017494,0,0
964,1,69.3,5.8,0,0,1,1.075157969820802,-18.43116293115584,225,1,1.08889,1.00444,1.046358209360382,0.004847935479560883,0,0
965,1,44.5,-6.1,0,0,1,1.003114977410029,-15.06154110692135,150,1,1.1,0.8,1.053037202979539,0.0004517282719299014,0,0
966,1,0,0,0,0,1,1.084439999867011,-6.046966906848786,225,1,1.08444,1.00889,1.009457928847145,1.14504981075215e-05,23.03832960747903,0
967,1,0,0,0,0,1,1.040569238524933,-2.044651554363799,380,1,1.10263,0.988241,1.007839436088699,1.196156363828425e-05,0,0
968,1,0,0,0,0,1,1.093315028198324,-11.65664052297882,380,1,1.10526,1.04211,1.034308278649109,0.004615918895352644,0,0
969,1,0,0,0,0,1,1.092142140278393,-11.77465669681963,380,1,1.10526,1.04211,1.034787134581292,0.00488521948741462,0,0
970,1,0,0,0,0,1,1.093340752835321,-11.65367877712264,380,1,1.10526,1.04211,1.034296737157768,0.004612168026153092,0,0
971,1,0,0,0,0,1,1.093476054580941,-11.63855987718254,380,1,1.10526,1.04211,1.034294317268466,0.004600489598952748,0,0
972,1,324.5,60.3,0,0,1,1.075504711896774,-17.56715874568291,225,1,1.08889,1.00444,1.042269280224853,0.006525159952966711,0,0
973,2,0,0,0,0,1,1.10031206140935,-8.162682146313346,150,1,1.1371,0.9,0.9999999999258432,-0.004704815100841309,0,0
974,1,0,0,0,0,1,1.082365631532289,-8.294467905435081,225,1,1.08889,1,1.007942217978477,-2.478802719055919e-11,0,0
975,2,-68.09999999999999,10.2,0,0,1,1.072826590547439,-7.63341284101767,225,1,1.1,0.9,0.9999999997248058,-7.518227061115128e-11,0,0
976,1,51.3,1.3,0,0,1,1.058294918499992,-9.209979835791867,225,1,1.08889,0.933333,1.019339351035186,0.002948229152678771,0,0
977,1,445.9,-8,0,0,1,1.039700777182697,-18.09312409154741,90,1,1.06667,0.977778,1.026283421390513,-0.001918069997803943,0,0
978,1,0,0,0,0,1,1.072376075041406,-6.595097635177993,380,1,1.10263,1.04211,1.019779947843725,-0.003090850362736103,0,0
979,1,0,0,0,0,1,1.072983773763684,-6.591473412920751,380,1,1.10263,1.04211,1.019751870304239,-0.003148811960157431,0,0
980,1,131.9,20.4,0,0,1,1.081287722363,-14.56368503395793,225,1,1.08889,0.986667,1.041683142081749,0.001122128548530305,0,0
981,1,211,52.2,0,0,1,1.058423437672421,-8.265624367358765,225,1,1.08889,0.933333,1.023278956367339,0.008266746173794338,0,0
982,1,91.2,19.6,0,0,1,1.068056331243966,-19.59315909150093,225,1,1.08889,1.00444,1.047570101728936,0.007181692141824513,0,0
983,1,0,0,0,0,1,1.085670914446408,-5.925313391191065,380,1,1.10263,1.02895,1.013523230644735,-1.513565266691661e-05,0,0
984,1,0,0,0,0,1,1.08461014182842,-8.8183018402892,225,1,1.08889,0.977778,1.02089289365336,6.948398729385069e-05,0,0
985,1,0,0,0,0,1,1.084511175961981,-8.83553774773692,225,1,1.08889,0.977778,1.021190128227688,3.875987303730081e-10,0,0
986,1,6.7,2.9,0,0,1,1.080650912836836,-6.053400719404457,225,1,1.08444,1.00889,1.00012691678306,4.491160261072573e-05,0,0
987,1,101.7,30.9,0,80,1,1.062938834227146,-14.10898324734231,225,1,1.08889,0.928889,1.035294854779625,0.005956510710806111,0,0
988,1,0,0,0,0,1,1.077683304200319,-5.400468635971016,225,1,1.08889,0.933333,1.000137011980718,4.25899257335949e-06,0,0
989,1,46.8,22.6,0,0,1,1.035535848320729,-15.15781842002133,225,1,1.08889,0.986667,1.059121367713062,0.01627198075899365,0,0
990,1,259.5,93,0,0,1,1.067738661453488,-25.01558707605592,225,1,1.08444,1.00444,1.078870682434417,0.004081487527568604,0,0
991,1,250.4,19.5,0,0,1,1.075946985692512,-18.44042038238232,225,1,1.08889,1.00444,1.047617016049098,0.005781603891579201,0,0
992,1,103.5,36,0,0,1,1.03153656459643,-17.01233283423555,225,1,1.09254,0.986667,1.068773153576333,0.01459776105215222,0,0
993,1,62.2,15.2,0,0,1,1.07943325818531,-21.43457101791203,225,1,1.08889,1.00444,1.055491324647888,0.008293844019151503,0,0
994,1,62.7,5.1,0,0,1,1.079451264549512,-21.43471663215738,225,1,1.08889,1.00444,1.055491518410528,0.008289984187986493,0,0
995,1,165.9,76.7,0,0,1,1.07947169733333,-21.42865949143743,225,1,1.08889,1.00444,1.055467033411273,0.008288097707912064,0,0
996,1,80.09999999999999,18,0,0,1,1.061495667484271,-13.40013755283729,225,1,1.08889,0.986667,1.039555023630603,0.005978605048835644,0,0
997,1,79.7,28.7,0,0,1,1.066152075844046,-20.05130791038294,225,1,1.08889,1.00444,1.050399020695854,0.007654564312813097,0,0
998,1,2.1,16.8,0,0,1,1.088772695790571,-4.068118476897133,225,1,1.08889,0.933333,1.000008898020304,-1.903340336077259e-05,0,0
999,1,0,0,0,0,1,1.103780073944828,-4.234267278486312,380,1,1.10526,1.03947,1.004574421046407,2.178386641555893e-05,0,0
1000,1,0,0,0,0,1,1.103679869129682,-14.25961129219256,380,1,1.10526,1.03947,1.004886611695123,1.454558279668452e-05,0,0
1001,1,8.199999999999999,6.7,0,0,1,1.037171678168696,-16.86301079417227,150,1,1.1,0.9,1.038911564644558,0.007152356360775265,0,0
1002,1,-0.4,1.4,0,0,1,1.07781541666497,-17.99985644203414,225,1,1.08889,1.00444,1.043621761781106,0.004518414778464792,0,0
1003,1,10.1,-2.5,0,0,1,1.076853733027697,-6.874606014665988,225,1,1.08444,1.00889,1.000744294908454,2.850192961675821e-10,0,0
1004,1,50.4,10.9,0,0,1,1.082373097751842,-6.457363986058541,225,1,1.08444,1.00889,1.011051129773412,0.0003824809721472192,0,0
1005,1,0,0,0,0,1,1.090188508781376,-7.510414313265113,150,1,1.11042,0.9,1.00000000022017,-4.723487142692594e-10,0,0
1006,1,33,-2.7,0,0,1,1.062009474664155,-10.38843255250029,225,1,1.08889,1,1.024248634384807,0.004447371187333597,0,0
1007,1,89.7,4.1,0,0,1,1.066465945748851,-37.85239782434283,225,1,1.08444,1.00444,1.1329223438533,-0.003797629088733608,0,0
1008,1,-3.3,11.8,0,0,1,1.082280361414251,-0.7592824512654587,380,1,1.10526,1.03947,1.000181295886476,-1.753026840156757e-05,0,0
1010,1,0,0,0,0,1,1.077738856757431,-5.405559972902995,225,1,1.08889,0.933333,0.9999999989244313,-4.003092495436865e-05,0,0
1011,1,69.2,7.3,0,0,1,1.059157119037085,-8.087219146489245,225,1,1.08889,0.933333,1.012436964300113,0.002801383125781215,0,0
1012,1,0,0,0,0,1,1.049526072472004,-19.29901094291649,225,1,1.08889,1.00444,1.047163245630803,0.00951144568621983,0,0
1013,1,0,0,0,0,1,1.070238796104805,-18.89152858438433,225,1,1.08889,1.00444,1.043423230473301,0.007150920655312841,0,0
1014,1,0,0,0,0,1,1.07848629964049,-16.86670141126848,225,1,1.08889,1.00444,1.039524574470577,0.006256898854534921,0,0
1017,1,0,0,0,0,1,1.076099650384685,-13.40697998033488,380,1,1.10526,1.03718,1.039873525160723,0.006363551735386018,0,0
1018,1,0,0,0,0,1,1.078295349021703,-13.05201895559438,380,1,1.10526,1.03718,1.038434886095358,0.006080972802053772,0,0
1021,1,131.1,37.6,0,0,1,1.081265794269987,-22.07314609235301,225,1,1.08444,1.00889,1.072509378880358,0.001265307596313368,0,0
1022,1,0,0,0,0,1,1.054576904830553,-32.63527920680819,225,1,1.08444,1.00444,1.108038646825021,0.007949982494599992,0,0
1023,1,0,0,0,0,1,1.061550239700653,-26.09956273720478,380,1,1.10263,1.04114,1.094939937778148,0.007996679317947468,0,0
1024,1,170.9,25.6,0,0,1,1.082598649921465,-8.174378319167412,225,1,1.08889,1.00444,1.015984366692486,0.001968982858239634,0,0
1025,1,0,0,0,0,1,1.08442459553821,-18.94072636249248,225,1,1.08889,1.00444,1.051671012448334,0.003253030347280196,0,0
1026,1,62.1,2.3,0,0,1,1.066993410903204,-13.88643757993912,225,1,1.08889,0.888889,1.03299616315833,0.005506405013067057,0,0
1027,1,113.4,9,0,0,1,1.077505142663424,-7.778188341823281,225,1,1.08444,1.00889,1.014000879323672,-0.0001903739900781043,0,0
1028,1,133,127.2,0,0,1,1.057303431906824,-9.386200416623318,225,1,1.08889,0.986667,1.019795047153978,0.009426282497268004,0,0
1029,1,47.7,18.5,0,0,1,1.088276023451742,-5.865558953641744,225,1,1.09182,0.986667,1.005305622989969,0.00210065856275377,0,0
1030,1,448.7,55,0,0,1,1.064667245808713,-35.0370559365999,225,1,1.08444,1.00444,1.123737466684695,0.0004412049400124304,0,0
1032,1,123.3,-6.1,0,0,1,1.087207924246048,-11.52913903622823,225,1,1.08889,0.924444,1.017536044057242,0.003220454285478144,0,0
1033,1,201.1,47.5,0,0,1,1.087955504213651,-6.002844454298434,225,1,1.08889,1.00444,1.006964038525892,0.0002510833049581433,0,0
1035,1,318.1,52.3,0,0,1,1.075627029444091,-13.5729523658668,225,1,1.08889,1,1.035344099102265,-0.0003923089784216924,0,0
1036,1,-81,4.3,0,0,1,1.067058357576403,-10.76494750102376,225,1,1.08889,1,1.025065537894709,0.003299209073171036,0,0
1037,1,8.5,-1.7,0,0,1,1.047148717643209,-15.83327584533741,225,1,1.08889,0.986667,1.05813127145539,0.008578220706021657,0,0
1038,1,69,58.3,0,0,1,1.074048672151531,-12.93478107783175,225,1,1.08889,0.888889,1.028959932216973,0.006008076672462837,0,0
1834,1,8.199999999999999,6.4,0,0,1,1.031049964708086,-15.61075271157554,225,1,1.08907,0.986667,1.064601466203067,0.01548253312600611,0,0
1039,1,0,0,0,0,1,1.084096466588184,-8.988929278585529,225,1,1.08889,0.977778,1.0170857519092,3.941616179178453e-10,0,0
1040,1,0,0,0,0,1,1.071547332542019,-22.20420903534453,225,1,1.08519,1.00444,1.061915309733592,0.00345167414639756,0,0
1041,1,0,0,0,0,1,1.082442567751106,-17.81876148652264,380,1,1.10263,1.04211,1.057535229919006,0.00262940850222881,0,0
1042,1,91.09999999999999,16.9,0,0,1,1.076379571509831,-7.498881925444787,225,1,1.08889,0.888889,1.007424277189448,0.000700644410824987,0,0
1043,1,141.3,23.6,0,0,1,1.07156851711911,-10.81567713632393,225,1,1.08889,1,1.023999464476882,0.002074265369774493,0,0
1044,1,182.3,30.6,0,0,1,1.080447977460974,-10.20764029000219,225,1,1.08444,1.00889,1.028357759348606,0.0001548536112461806,0,0
1045,1,0,0,0,0,1,1.04817161224183,-27.30365558083126,225,1,1.08444,1.00444,1.096599853901739,0.01055620907216922,0,0
1046,1,0,0,0,0,1,1.048162149456514,-27.3046902599009,225,1,1.08444,1.00444,1.096619372612262,0.01055647278486841,0,0
1047,1,0,0,0,0,1,1.04816173436951,-27.30467891084033,225,1,1.08444,1.00444,1.096619368313729,0.01055690714177068,0,0
1048,1,19.1,-14.1,0,0,1,1.07415561299893,-3.183063245054881,150,1,1.10901,0.9,0.9999999998552201,-7.748634519154949e-11,0,0
1049,1,-4.4,-9.199999999999999,0,0,1,1.085118297348823,-5.991169773488975,225,1,1.08889,0.933333,1.007743965093497,0.0002889727920211153,0,0
1050,1,188.6,0.9,0,0,1,1.070857997738432,-17.24323519112571,225,1,1.08889,1.00444,1.040027370740023,0.005484029757294063,0,0
1051,1,0,0,0,0,1,1.044568475421912,-32.14463142487891,225,1,1.08444,1.00444,1.099326082301304,0.01045374344856451,0,0
1052,1,314,14.3,0,0,1,1.048086360393813,-27.31294509784379,225,1,1.08444,1.00444,1.096780345055329,0.01055632196175049,0,0
1053,1,54.6,14.3,0,0,1,1.081069939880443,-6.219228817986184,225,1,1.08444,1.00889,1.008798912665408,0.0002088367303941864,0,0
1054,1,77.3,19.9,0,0,1,1.088756800173701,-6.240906655008703,225,1,1.08889,1.00444,1.007787009161931,2.489899659433017e-05,0,0
1055,1,0,0,0,0,1,1.082553030798998,-8.881120687393997,225,1,1.08444,1.00889,1.021999180707768,0.000579736125271317,0,0
1056,1,0,0,0,0,1,1.084078926612913,-9.37260797793255,380,1,1.10263,1.02895,1.025607498978682,0.002186227224064659,0,0
1057,1,41.8,3.2,0,0,1,1.060230389050504,-26.205956872259,225,1,1.08444,1.00444,1.087664831510703,-0.00658290649357732,0,0
1058,1,72,22.6,0,0,1,1.050620211118978,-14.28670660336159,225,1,1.09025,0.888889,1.0378366801855,0.00897206615314923,0,0
1059,1,169.8,168.8,0,0,1,1.052304058291735,-9.629579655619915,225,1,1.08889,0.986667,1.020612367807806,0.01009894353807695,0,0
1060,1,57.9,6.7,0,0,1,1.084350228174176,-5.241460576733081,225,1,1.08444,1.00889,1.00442286355102,-8.680314108683486e-05,0,0
1061,1,9.5,4.8,0,0,1,1.093351697533512,-5.572687444386693,225,1,1.09515,0.986667,1.002766254549868,0.000560919888784884,0,0
1062,1,277.3,71.5,0,0,1,1.083611257518533,-9.618111618316687,380,1,1.10526,1.04211,1.027505238747592,0.005862991430480254,0,0
1064,1,31.1,11,0,0,1,1.083494172403743,-6.292627927594332,225,1,1.08444,1.00889,1.01016094591892,0.000204106744032097,0,0
1065,1,31,-7.7,0,0,1,1.083516040591129,-6.296870028852223,225,1,1.08444,1.00889,1.010192376679492,0.0001807786887199906,0,0
1066,1,56.8,32.4,0,0,1,1.083385215604246,-6.297534439672711,225,1,1.08444,1.00889,1.010236376306074,0.0002489486174689307,0,0
1067,1,-0.8,1.4,0,0,1,1.084018968485227,-13.51492290883161,225,1,1.08889,1.00444,1.036066601434277,0.001640694087564821,0,0
1068,1,-8.9,1.2,0,0,1,1.098021314612178,-9.614653210965125,380,1,1.10526,1.04211,1.026623967208689,0.001176182728946546,0,0
1069,1,0,0,0,0,1,1.040528870934968,-0.294371148633744,225,1,1.08444,1.00202,1.000713212987955,5.883404539632036e-05,0,0
1070,1,0,0,0,0,1,1.041149446882217,-0.05186252951120576,225,1,1.08444,1.00202,1.00057124021117,4.402335635106356e-05,0,0
1071,1,0,0,0,0,1,1.069225000084312,-25.75314656125675,225,1,1.08444,1.00444,1.078031010438464,0.004578179444382496,0,0
1072,1,24.3,5.4,0,0,1,1.068829495685777,-25.7984418702179,225,1,1.08444,1.00444,1.078437256632721,0.00466879345446212,0,0
1073,1,4.4,5.1,0,0,1,1.067606164502035,-19.90628078441528,225,1,1.08889,1.00444,1.048786440476897,0.007269677470337722,0,0
1074,1,33.6,11.4,0,0,1,1.067465770841733,-19.91498890816153,225,1,1.08889,1.00444,1.048986842205495,0.007312977645557296,0,0
1075,1,0,0,0,0,1,1.098301308194979,-3.557491815554432,380,1,1.10526,1,1.005347697282279,1.52402408818303e-11,0,0
1076,1,0,0,0,0,1,1.098301308170469,-3.557491815377965,380,1,1.10526,1,1.005347697282257,2.130677072186922e-11,0,0
1077,1,0,0,0,0,1,1.098301308194314,-3.557491815549646,380,1,1.10526,1,1.005347697282279,1.540721454646713e-11,0,0
1078,1,0,0,0,0,1,1.098298684538398,-3.556294851264501,380,1,1.10526,1,1.005347697282282,1.388858980587854e-11,0,0
1079,1,143.8,18.8,0,0,1,1.0726748996472,-11.46484948630643,225,1,1.09539,0.986667,1.027967204697057,0.003886620305830127,0,0
1080,1,0,0,0,0,1,1.087738856094103,-9.043435386131186,380,1,1.10526,1.03658,1.026057169833992,0.00358306581042106,0,0
1081,1,33.3,-13.8,0,0,1,1.076162374365093,-9.515229114510758,225,1,1.08889,0.986667,1.019515046901064,0.00344675290457766,0,0
1082,1,0,0,0,0,1,1.077543342199783,-8.1294220462166,225,1,1.08889,0.986667,1.011279507909318,0.004467642753061328,0,0
1083,1,0,0,0,0,1,1.077622454167725,-8.107414805066451,225,1,1.08889,0.986667,1.011274764018922,0.004467105604759949,0,0
1084,1,0,0,0,0,1,1.077621101269701,-8.107420503124096,225,1,1.08889,0.986667,1.011274765266685,0.004467120731995474,0,0
1085,1,0,0,0,0,1,1.077623194200912,-8.107414886596889,225,1,1.08889,0.986667,1.011274764025576,0.004467097230674059,0,0
1086,1,42.9,3.9,0,0,1,1.078407253789245,-18.93638072317428,225,1,1.08889,1.00444,1.049208214780801,0.00487817130506314,0,0
1087,1,30.4,5.7,0,0,1,1.088852524237608,-18.67030325782201,225,1,1.08889,1.00444,1.043268700698396,-0.0004000850389295277,0,0
1088,1,37,12.1,0,0,1,1.088750955759741,-18.67361613329156,225,1,1.08889,1.00444,1.043301551227718,-0.0003554998268857395,0,0
1089,1,55.6,23.8,0,0,1,1.075163349451762,-6.738863671094724,225,1,1.09673,0.986667,1.010934742169617,0.002637560244817342,0,0
1090,1,0,0,0,0,1,1.084439995465734,-5.649190353911485,225,1,1.08444,1.00889,1.007065461478793,1.785076001216934e-05,0.7876710927309619,0
1092,1,32.6,14.5,0,0,1,1.033344012409393,-11.45056777244797,225,1,1.08889,0.933333,1.028199151792057,0.0001454974735300818,0,0
1093,1,102.2,17.3,0,0,1,1.074186093200872,-22.45104963793588,225,1,1.08444,1.00889,1.077533082559859,0.002040462758297775,0,0
1095,1,78.3,-2.1,0,0,1,1.079780598868761,-13.1620221966666,225,1,1.08889,1,1.032056411690905,-0.0007693375038252243,0,0
1096,1,181.5,76.8,0,0,1,1.03549472485315,-9.981043799277941,225,1,1.08889,0.933333,1.020873903315381,0.007467490785144798,0,0
1097,1,59.7,6.9,0,0,1,1.086405933659104,-19.99624940480379,225,1,1.08889,1.00444,1.046879918735084,0.005021811111635671,0,0
1098,1,46.2,7.7,0,0,1,1.076571945900845,-19.00266153726303,225,1,1.08889,1.00444,1.048071460616556,0.00442061727627721,0,0
1099,1,28.4,12.1,0,0,1,1.083278014053955,-5.759690340059047,225,1,1.08444,1.00889,1.007693804621618,0.0002486065644445108,0,0
1100,1,3.3,4.8,0,0,1,1.088742611630135,-6.242413895723265,225,1,1.08889,1.00444,1.007805191853853,2.754243746081736e-05,0,0
1101,1,109.8,-8.4,0,0,1,1.080577333853619,-8.17369612662875,225,1,1.08444,1.00889,1.01797182404107,0.0001695615443521218,0,0
1103,1,93.8,14.8,0,0,1,1.036844297088497,-17.15900840981595,225,1,1.08889,0.986667,1.069805879509244,0.01129446204736098,0,0
1104,1,166.4,-16.6,0,80,1,1.085051812691803,-18.86309552043567,225,1,1.08889,1.00444,1.050898787769006,0.003138537978647,0,0
1105,1,47.8,10.8,0,0,1,1.085257267793544,-18.08552947210931,225,1,1.08889,1.00444,1.049976574253287,0.0002682066697632243,0,0
1106,1,71.2,1.5,0,0,1,1.066633222542063,-14.06878831471381,225,1,1.08889,0.986667,1.041131121591403,0.002971844565468991,0,0
1107,1,191.7,-11.6,0,0,1,1.054435764173626,-35.49700675043868,225,1,1.08444,1.00444,1.124008742082664,0.00534241941683845,0,0
1108,1,0,0,0,0,1,1.08249872412448,-8.945767755875131,225,1,1.08889,1.00444,1.018825200523356,0.002695931299481496,0,0
1109,1,0,0,0,0,1,1.085182265231807,-12.40720198622505,225,1,1.08889,1.00444,1.018640117079317,0.005094497982070275,0,0
1110,1,0,0,0,0,1,1.094273147857524,-7.789139597107065,380,1,1.10526,1.04211,1.019275711875791,0.00337869958950307,0,0
1112,1,29.2,15.3,0,0,1,1.075471582372726,-7.176333328763448,225,1,1.08444,1.00889,1.011388137188964,0.0001078418714019781,0,0
1113,1,0.5,7.2,0,0,1,1.077585202048066,-8.595685612584125,150,1,1.08,0.9666670000000001,1.005487672455507,-0.02649535680348544,0,0
1114,1,5.3,-2.1,0,0,1,1.083110339056529,-10.23763909122065,225,1,1.08444,1.00889,1.022390082009891,0.0008316432319722829,0,0
1115,1,219.1,47.4,0,0,1,1.068935440417569,-15.6629370145331,225,1,1.08889,0.986667,1.053124828313669,0.004526090637587458,0,0
1116,1,54.9,11.3,0,0,1,1.066889057854538,-13.85644914047459,225,1,1.08889,0.888889,1.033177265254376,0.00552719151040766,0,0
1117,1,29.3,6.8,0,0,1,1.06704528874713,-13.84462625969427,225,1,1.08889,0.888889,1.032955790739389,0.005485032192922182,0,0
1118,1,172.1,58.4,0,0,1,1.060147922123089,-14.984249207757,225,1,1.07769,0.95,1.039711126984308,0.007215542525044531,0,0
1119,1,22,-10.7,0,0,1,1.080551496093819,-6.88835035163151,225,1,1.08889,0.888889,1.004126974751894,9.849635084047644e-06,0,0
1120,1,1.7,-1.1,0,0,1,1.032693925958137,-13.16100515550145,150,1,1.08,0.9666670000000001,1.048631536167803,-8.888238138806914e-05,0,0
1121,1,147.5,28.6,0,0,1,1.078739230430495,-7.487598799454379,225,1,1.08444,1.00889,1.012973204680965,0.0001895171007986815,0,0
1123,1,76.59999999999999,3.1,0,0,1,1.080143101341911,-21.33089900747886,225,1,1.08889,1.00444,1.054498170366488,0.008175413484521698,0,0
1124,1,78.2,16.6,0,0,1,1.079940716512767,-21.34652423377617,225,1,1.08889,1.00444,1.054594279004496,0.008247735018676025,0,0
1125,1,19.3,5.6,0,0,1,1.084710598620589,-6.932606638215702,225,1,1.0914,1,1.000064633788423,-0.000262493920664922,0,0
1126,1,0,0,0,0,1,1.094934900583756,-4.052774847037337,380,1,1.10597,1.05263,1.000984736882331,-4.44924763289434e-05,0,0
1127,1,0,0,0,0,1,1.03302647577279,-11.47020920451102,225,1,1.08889,0.933333,1.024539532023795,-0.0004636215999114588,0,0
1128,1,0,0,0,0,1,1.065264794880313,-8.037753721104403,380,1,1.10526,1.03947,1.0212278581303,-0.004053697548183544,0,0
1129,1,10.2,4.9,0,0,1,1.071049812267756,-8.69054269364848,225,1,1.08889,0.888889,1.011080970988531,0.003090759188232279,0,0
1130,1,39.5,12,0,0,1,1.087242526008167,-20.32272074826754,225,1,1.08889,1.00444,1.048603217185311,0.004679400108587571,0,0
1131,1,108,46.6,0,0,1,1.083962234407622,-20.52693115031714,225,1,1.08889,1.00444,1.051752066259498,0.0009778571968339434,0,0
1132,1,19.1,1.7,0,0,1,1.055267553145518,-16.58067218842694,225,1,1.08889,0.888889,1.049016516143908,0.007741989060356057,0,0
1133,1,34.4,-4.2,0,0,1,1.087403965870399,-20.34106994484501,225,1,1.09053,1.00444,1.048999267093136,0.004504110844920068,0,0
1134,1,20.7,3.7,0,0,1,1.087281576517844,-20.3473164436625,225,1,1.09053,1.00444,1.048915116824779,0.004608689231864443,0,0
1135,1,0,0,0,0,1,1.083878386073765,-20.55509524276813,225,1,1.08889,1.00444,1.049304381272226,0.005395155764845698,0,0
1136,1,0,0,0,0,1,1.084196989433982,-20.63793372442547,225,1,1.08889,1.00444,1.048720723747294,0.005320001492298923,0,0
1137,1,86.3,24.7,0,0,1,1.074042868327031,-5.929196148819447,225,1,1.08889,0.933333,1.004762407114024,0.0005802258817660297,0,0
1138,1,0,0,0,0,1,1.064168186452237,-7.752428948160906,225,1,1.08889,0.933333,1.01020857519995,0.002556388708571767,0,0
1139,1,-11.8,-24.5,0,0,1,1.092769999830882,-5.056685613540677,225,1,1.09277,0.986667,1.00106326459361,-0.002903511029218354,18.04653773990638,0
1140,1,139.1,22.2,0,0,1,1.085287537503449,-6.770424029997319,225,1,1.08889,1.00444,1.010606456671171,0.0008744003728312342,0,0
1141,1,0,0,0,0,1,1.076660667839001,-5.829723863410354,225,1,1.08889,0.977778,1.002664292696172,5.435660550585159e-10,0,0
1142,1,0,0,0,0,1,1.079726230081494,-7.366514111816926,225,1,1.08889,0.977778,1.01197301267978,3.440699596145858e-10,0,0
1143,1,92.59999999999999,5.8,0,0,1,1.084563420444271,-7.176215255987846,225,1,1.08889,1.00444,1.01219347180888,0.001069870357639531,0,0
1144,1,211.8,58.4,0,80,1,1.053838570416121,-18.2946097854591,225,1,1.08889,1,1.076413682434245,0.001430936011681131,0,0
1145,1,58.3,26.1,0,0,1,1.04891747577361,-9.877569818774177,225,1,1.08889,0.933333,1.023793279597126,0.004964269926161774,0,0
1146,1,83,43.8,0,0,1,1.080146052975424,-6.690187368824001,225,1,1.08889,0.986667,1.009063816795705,0.003808106876033089,0,0
1147,1,0,0,0,0,1,1.084963473620003,-6.935714354480258,225,1,1.09224,1,1.000064599424579,-0.0003709807149163042,0,0
1148,1,38.5,18,0,0,1,1.080096157336952,-14.40859003097364,225,1,1.08925,0.986667,1.039500471757726,0.001670209494980137,0,0
1149,1,127.8,11.7,0,0,1,1.060036234247129,-12.23471163044814,225,1,1.08889,1,1.030133511385292,0.003417777211787176,0,0
1150,1,0,0,0,0,1,1.07296829452014,-8.144349882653646,380,1,1.10526,1.05263,1.026720112527256,0.001766281532608562,0,0
1151,1,17.1,8.800000000000001,0,0,1,1.085385577856798,-6.906227760311651,225,1,1.08889,0.986667,1.011683190558565,0.002406420353786144,0,0
1152,1,137.6,54.3,0,0,1,1.068425832157061,-19.66784277899897,225,1,1.08889,1.00444,1.052736902433905,0.007718483687857757,0,0
1153,1,48.6,6.2,0,0,1,1.081344715439646,-9.532269055979601,225,1,1.08444,1.00889,1.025495276317874,0.0002740306997909591,0,0
1154,1,88,10.5,0,0,1,1.067109952171742,-11.24901008408973,225,1,1.08889,1,1.027419870346474,0.002922957684249378,0,0
1155,1,9.6,-16.1,0,0,1,1.08888999751074,-4.210437977395143,225,1,1.08889,0.933333,1.000000000275651,3.071741789190264e-11,1.221078422872122,0
1156,1,52.4,15.6,0,0,1,1.084046412064357,-17.92609414983403,225,1,1.08889,1.00444,1.045888918660437,0.004179875511038115,0,0
1157,1,20.2,6.1,0,0,1,1.069915722911835,-19.01403518793509,225,1,1.08889,1.00444,1.044340343874237,0.006985681434806882,0,0
1158,1,0,0,0,0,1,1.078244700089004,-14.20349764579831,380,1,1.10526,1.03364,1.042254095975873,0.005037914559585044,0,0
1159,1,0,0,0,0,1,1.077685305092658,-5.404582363110983,225,1,1.08889,0.933333,1.000000000095391,-5.904737598484121e-06,0,0
1160,1,4.2,0.5,0,0,1,1.068531823246954,-19.45445553986339,225,1,1.08889,1.00444,1.046812074401431,0.007122637765621018,0,0
1161,1,59.3,-3.6,0,0,1,1.081786468535242,-8.128742090161253,225,1,1.09235,0.933333,1.010179251881893,-0.00132286172121405,0,0
1162,1,0,0,0,0,1,1.076916289097751,-8.551491676916767,225,1,1.08889,0.986667,1.013304529525411,0.003843240006691597,0,0
1163,1,0,0,0,0,1,1.086239581302004,-6.899084303112425,380,1,1.10526,1.03947,1.015156482407991,0.004098816826190308,0,0
1164,1,0,0,0,0,1,1.067635439289825,-19.90528668918623,225,1,1.08889,1.00444,1.048757457306575,0.007253423706731377,0,0
1165,1,0,0,0,0,1,1.088766334053038,-19.58300976835654,225,1,1.08889,1.00444,1.043457313799786,0.0005716920896912886,0,0
1166,1,0,0,0,0,1,1.0709437453269,-6.791318302366411,225,1,1.08889,0.933333,1.004854245157935,0.0004949397824271924,0,0
1167,1,78.2,28.4,0,0,1,1.035767880581916,-10.77120006288297,225,1,1.08889,0.986667,1.027792560208011,0.01454362684219342,0,0
1168,1,85.2,35.5,0,0,1,1.031049469741816,-11.2533174623703,225,1,1.08889,0.933333,1.027508416578891,0.0010171157900335,0,0
1169,1,30.2,-3,0,0,1,1.075130436731202,-18.41937652255124,225,1,1.08889,1.00444,1.046298682479817,0.004865037772667807,0,0
1170,1,150.9,49.9,0,0,1,1.081762825464059,-9.309743448986785,225,1,1.08444,1.00889,1.023993208341879,0.0003914533822793879,0,0
1171,1,32.9,8,0,0,1,1.062849228392657,-14.12090128078011,225,1,1.08889,0.888889,1.035364366553651,0.005973267468031038,0,0
1172,1,93,32.7,0,0,1,1.062633610809846,-14.14088549863473,225,1,1.08889,0.888889,1.035470675808451,0.006018338962598044,0,0
1173,1,0,0,0,0,1,1.083824847254337,-14.10905381368146,225,1,1.08889,0.986667,1.038553684879555,0.0007800779891233714,0,0
1174,1,0,0,0,0,1,1.091592403215507,-12.00623232150662,380,1,1.10526,1.03947,1.036145354439906,0.001095567008790311,0,0
1175,1,31.3,20.5,0,0,1,1.066111360830685,-9.450861838321158,225,1,1.08889,0.933333,1.024550448485617,0.00477616035663807,0,0
1176,1,141.1,45.8,0,0,1,1.063258179208258,-15.64044479114152,225,1,1.08889,0.933333,1.045067748500749,0.006282347869299101,0,0
1177,1,72.59999999999999,20.5,0,0,1,1.084914646504353,-7.32878183746115,380,1,1.10526,1,1.019252026830681,0.004183523229559357,0,0
1178,1,108.7,29.6,0,0,1,1.081670011246656,-20.95420391336284,225,1,1.08889,1.00444,1.052021724494079,0.005801611296232845,0,0
1179,1,0,0,0,0,1,1.071489986751593,-11.32261953748538,225,1,1.08889,0.986667,1.024982160781119,0.0044659278952607,0,0
1180,1,0,0,0,0,1,1.088723810653452,-8.073254758197281,380,1,1.10526,1.03947,1.02358823064134,0.004294142197209776,0,0
1181,1,0,0,0,0,1,1.086886227174879,-8.478102537462293,380,1,1.10526,1.03947,1.023765825391964,0.003943300174735405,0,0
1182,1,7.4,16.7,0,0,1,1.078758067185534,-4.952565626260728,225,1,1.08889,0.933333,0.999999999809518,3.480147663943156e-11,0,0
1183,1,278.9,13.5,0,80,1,1.07849282219879,-30.66254723280083,225,1,1.08444,1.00444,1.095534423038347,-0.03193717026658996,0,0
1184,1,44.5,-7.9,0,0,1,1.076224154575222,-5.270554688468542,225,1,1.08444,1.00889,1.000000000017748,3.10542599065695e-12,0,0
1185,1,228.6,49.4,0,0,1,1.036100325562899,-9.810756741204864,225,1,1.08889,0.933333,1.020394130900924,0.006950570563813918,0,0
1186,1,2.9,-2.7,0,0,1,1.045629327187613,-10.58142511377555,225,1,1.08889,1,1.028642381015606,-0.0002025143932846903,0,0
1187,1,1.4,-2.8,0,0,1,1.045617093168357,-10.57906608313534,225,1,1.08889,1,1.028622883745258,-0.0001908757139548687,0,0
1188,1,93.09999999999999,11.8,0,0,1,1.088889999910695,-18.64834773723105,225,1,1.08889,1.00444,1.043057686391726,-0.0003613146758948545,34.16924454081778,0
1189,1,182,38.2,0,0,1,1.057347618433486,-10.97010621965398,225,1,1.08889,0.968889,1.028018177245347,0.00810374830899635,0,0
1190,1,116.2,-5.5,0,0,1,1.07629369238678,-32.87649927703926,225,1,1.08632,1.00444,1.109978816024837,-0.02553758124027745,0,0
1191,1,24.1,6.3,0,0,1,1.099187830875283,-8.872853590143734,150,1,1.10701,0.9,1.012331088571145,-0.009189894568941859,0,0
1192,1,14.1,-0.6,0,0,1,1.057328365797269,-9.387777511107277,225,1,1.08889,0.986667,1.019805459164009,0.009413874049083221,0,0
1193,1,235.9,16,0,0,1,1.070733808149413,-37.8978551206299,225,1,1.08444,1.00444,1.134716977054725,-0.00548190744158353,0,0
1194,1,2.6,6.3,0,0,1,1.082260593562251,-0.6938577868633519,380,1,1.10526,1.03947,1.000000001551463,-1.288178438940096e-11,0,0
1195,1,2.6,6.2,0,0,1,1.082260593568577,-0.6938577865756149,380,1,1.10526,1.03947,1.000000001550592,-1.374355477572017e-11,0,0
1835,1,68.09999999999999,1.1,0,0,1,1.058265572364064,-10.2535501680929,225,1,1.08889,0.933333,1.02205856334985,0.003628888158983365,0,0
1836,1,93.90000000000001,23.9,0,0,1,1.060960640123454,-7.485803678081506,225,1,1.08889,0.933333,1.012421333775511,-0.00414094612392691,0,0
1196,1,19.6,4.1,0,80,1,1.083075208797871,-18.49879732123594,225,1,1.08889,1.00444,1.04593496343049,0.002944036662223633,0,0
1197,1,169.2,27.3,0,0,1,1.066940858660878,-19.97340801352069,225,1,1.08889,1.00444,1.055330490651186,0.007803095996330543,0,0
1198,1,71.59999999999999,22.3,0,0,1,1.075464503890211,-6.409047365616803,225,1,1.08444,1.00889,1.006011869849446,7.149562509303451e-05,0,0
1199,1,223.4,43.4,0,0,1,1.096628914308833,-5.106298768843097,225,1,1.0973,0.986667,1.000224161596208,5.875092137482585e-05,0,0
1200,1,0,0,0,0,1,1.10780466542556,-2.008999482931388,380,1,1.10969,1.03947,1.000193638816723,2.691267947794993e-05,0,0
1201,1,39.7,6.1,0,0,1,1.062761363974046,-23.63005142953413,225,1,1.08444,1.00444,1.073859577280923,0.001437951797539962,0,0
1202,1,125.7,39.1,0,0,1,1.062701018659482,-16.18569068548809,225,1,1.08889,1.00444,1.044904766832916,0.008024991056887863,0,0
1203,1,40.8,8.699999999999999,0,0,1,1.045621532482317,-15.67397782889928,225,1,1.08889,0.888889,1.043076170794757,0.01020589209231199,0,0
1204,1,30.9,8.800000000000001,0,0,1,1.045704855716205,-15.65194555367664,225,1,1.08889,0.888889,1.042911583615011,0.01020692571141837,0,0
1205,1,78.8,-47.1,0,0,1,1.082242256439233,-23.5210535508949,225,1,1.08917,1.00444,1.068725323488315,-0.0006846691170509743,0,0
1206,1,212.5,45.4,0,0,1,1.072140009986803,-9.249794413346988,225,1,1.08444,1.00889,1.015481816302439,0.002661999722779694,0,0
1207,1,49.4,13.1,0,0,1,1.082883580758914,-7.258229333412487,225,1,1.08444,1.00889,1.013713846438826,4.237946080263393e-10,0,0
1208,1,154.8,29.1,0,0,1,1.064087477347717,-10.86166563711943,225,1,1.08889,1,1.02822669952584,0.003863860981072916,0,0
1209,1,0,0,0,0,1,1.077767720258209,-5.382572226863237,225,1,1.08889,0.933333,0.9999999998123088,6.120414033409796e-11,0,0
1210,1,0,0,0,0,1,1.085577056424186,-9.473866907294667,225,1,1.08889,0.977778,1.018692744450991,2.160819576565516e-10,0,0
1211,1,-20,-8.300000000000001,0,0,1,1.038552604404464,-13.85235125718614,150,1,1.08,0.9666670000000001,1.050544295907989,-0.003874258547072968,0,0
1212,1,-1.3,1.1,0,0,1,1.084439999934844,-12.165033860631,225,1,1.08444,1.00444,1.023532193339991,-0.01409110141456714,46.84609629080562,0
1213,1,0,0,0,0,1,1.098441482991805,-8.428036979647082,380,1,1.10263,1.04211,1.023964800895285,1.290864686198052e-11,0,0
1214,1,0,0,0,0,1,1.098429072765285,-8.434270434861181,380,1,1.10263,1.04211,1.023966226997077,1.293341613945243e-11,0,0
1215,1,106.3,15.4,0,0,1,1.083005900412138,-8.85311311398452,225,1,1.08889,0.986667,1.012565633521147,-0.002064296900028026,0,0
1216,1,0,0,0,0,1,1.087316577998174,-5.066757043070185,380,1,1.10526,1.03947,1.01290378433726,-0.00286411252460118,0,0
1217,1,97.7,26.5,0,0,1,1.078940755540752,-7.241090350327466,225,1,1.08444,1.00889,1.011630233705644,3.474763322185141e-10,0,0
1218,1,50.7,-2.1,0,0,1,1.079232225626462,-9.727586700713033,225,1,1.08889,1,1.014825479957719,-0.002499968182388875,0,0
1219,1,91.2,3.3,0,0,1,1.067335665317612,-15.91536128526869,225,1,1.08444,1.00444,1.025461084514748,-0.03172771893711244,0,0
1220,1,114,-5,0,0,1,1.067168680147028,-16.16591117479857,225,1,1.08444,1.00444,1.026513947313768,-0.03184018381635709,0,0
1221,2,19.4,-0.9,0,0,1,1.077660568158441,-5.404413167971095,225,1,1.1,0.9,0.9999999996876159,-1.89287067380137e-11,0,0
1222,1,91.8,41.3,0,0,1,1.076035269656869,-6.616656347026941,225,1,1.0952,0.986667,1.010172881520471,0.002488528196971001,0,0
1223,1,118.4,36.3,0,0,1,1.083754125282888,-5.956115872444549,225,1,1.0952,0.986667,1.006411473914512,0.000708214572835844,0,0
1224,1,268.9,58.3,0,0,1,1.065785335388436,-26.15359682266838,225,1,1.08444,1.00444,1.08847831536282,-7.018236920340535e-08,0,0
1225,1,252.2,102.9,0,0,1,1.089317970195489,-4.939107612952427,225,1,1.09255,0.986667,1.000896434279224,1.982415957430116e-05,0,0
1226,1,55.6,9.699999999999999,0,0,1,1.070647835741235,-25.14626259143718,225,1,1.08444,1.00444,1.074316653883783,0.004608670914659,0,0
1227,1,116.5,21.2,0,0,1,1.087120104265986,-20.26746632576528,225,1,1.08889,1.00444,1.049369020399654,0.0001233876926531122,0,0
1228,1,39.8,6.3,0,0,1,1.088702501692213,-18.68256033749118,225,1,1.08889,1.00444,1.043596732959045,-0.0004448656648714361,0,0
1229,1,117.9,18.9,0,0,1,1.0701925719033,-12.02372718329345,225,1,1.08931,0.986667,1.033357742112822,0.005110282627667831,0,0
1230,1,71.3,10.9,0,0,1,1.08158341074868,-22.70304689517155,225,1,1.08444,1.00444,1.065469297610864,0.0004808281733208501,0,0
1231,1,125,7.6,0,0,1,1.076720193752918,-13.40004149584308,225,1,1.08889,1,1.033901424687676,-0.0005902701624987107,0,0
1232,1,52.7,16.4,0,0,1,1.067590322996921,-19.96711664292111,225,1,1.08889,1.00444,1.049366425833398,0.007115210237495138,0,0
1233,1,0,0,0,0,1,1.084711811927034,-7.21261740467913,225,1,1.09148,1,0.9999986144523021,-9.552691734640826e-06,0,0
1234,1,31.7,12,0,0,1,1.06606392472591,-13.5968565284658,225,1,1.08889,0.888889,1.031208206663455,0.005781090518903033,0,0
1235,1,32.5,-1.1,0,0,1,1.066322645026461,-13.60072502654483,225,1,1.08889,0.888889,1.031214834193365,0.005669428022539913,0,0
1236,1,122.2,33.1,0,0,1,1.075870962344999,-10.66366360552895,225,1,1.08889,1.00444,1.02610624331926,0.004315050241349644,0,0
1237,1,0,0,0,0,1,1.08808999991524,-8.356181623355397,150,1,1.08809,0.9666670000000001,1.003828511996175,-0.0362999872691098,36.02250071979643,0
1238,1,94.09999999999999,3.7,0,0,1,1.078313378345424,-7.542829984834825,225,1,1.08444,1.00889,1.013142611408071,-0.0005396508383513624,0,0
1837,2,0,0,0,0,1,1.033345077767096,-12.8722794404089,150,1,1.1,0.9,1.046375280202759,-6.533590022982989e-11,0,0
1239,1,9.300000000000001,-4.6,0,0,1,1.082448843059562,-8.508677905964316,225,1,1.08889,1,1.008737777845266,-0.0001032451634835616,0,0
1240,1,173.4,42.9,0,0,1,1.073946013311847,-11.45419709063009,225,1,1.08889,1,1.026469232315175,0.001816579545963879,0,0
1241,1,152.4,55.9,0,0,1,1.052636831112793,-9.771482367363507,225,1,1.08889,0.933333,1.02234502133204,0.00550294431577994,0,0
1242,1,0,0,0,0,1,1.089260648787285,-2.680837981526946,380,1,1.10526,1.03947,1.005470701909972,1.061181910503597e-05,0,0
1243,1,0,0,0,0,1,1.089010872645222,-2.580694432134873,380,1,1.10526,1.03947,1.005339217711934,-1.976572215606016e-06,0,0
1246,1,74.09999999999999,-4.4,0,0,1,1.083409952551753,-7.529266193024238,225,1,1.08889,0.968889,1.015534629197232,-0.003386725811979179,0,0
1247,1,0,0,0,0,1,1.060607244849913,-9.161035868221353,225,1,1.08889,0.986667,1.018439794035969,0.00863381121809018,0,0
1248,1,0,0,0,0,1,1.06060649754243,-9.161035790004728,225,1,1.08889,0.986667,1.018439794028163,0.00863382544407929,0,0
1249,1,0,0,0,0,1,1.060607244849913,-9.161035868221353,225,1,1.08889,0.986667,1.018439794035969,0.008633811218311525,0,0
1250,1,0,0,0,0,1,1.060607244849913,-9.161035868221354,225,1,1.08889,0.986667,1.018439794035969,0.00863381121841183,0,0
1251,1,0,0,0,0,1,1.060535016402396,-9.175329004089843,225,1,1.08889,0.986667,1.018444961228623,0.008634831003067719,0,0
1252,1,7.8,-0.6,0,0,1,1.091079999716137,-6.1539758203549,225,1,1.09108,0.986667,1.006184876037964,-7.572044710321254e-05,10.751369580067,0
1253,1,0,0,0,0,1,1.072402826752415,-7.116474749653867,150,1,1.08,0.9666670000000001,1.010998084616631,-0.007222706253812383,0,0
1254,1,0,0,0,0,1,1.103963476554147,-4.202302373675466,380,1,1.10526,1.03947,1.004353778433252,7.75576929989974e-11,0,0
1255,2,0,0,0,0,1,1.081739999132927,-8.122409806440212,225,1,1.08174,0.95,1.006715154298697,-2.480130726324988e-10,3.521952640900046,0
1256,1,108.5,10.9,0,0,1,1.051462903031257,-17.00585230709071,225,1,1.08889,0.937778,1.052534003049654,0.008420825888015003,0,0
1257,1,0,0,0,0,1,1.079999999790006,-6.250507765244886,150,1,1.08,0.9666670000000001,0.9995901250421098,-0.01270386064719011,14.51554388573204,0
1258,1,56.2,6.5,0,0,1,1.071968576213851,-5.243121985616353,225,1,1.08444,1.00889,0.9999999999343363,-4.576797070877071e-12,0,0
1259,1,-3.2,-2.2,0,0,1,1.084439999953149,-9.435178940932458,225,1,1.08444,1.00444,1.016239859149361,-0.00771945706788584,65.16596890800956,0
1260,1,0,0,0,0,1,1.100580200125681,-5.478288736668875,380,1,1.10263,1.04211,1.015266790229563,1.689010602643222e-05,0,0
1261,1,24.8,1.9,0,0,1,1.080142679715257,-8.103692254048415,225,1,1.08889,1,1.00820011198046,0.001211796574234422,0,0
1262,1,0,0,0,0,1,1.075245448779196,-10.19895273657443,225,1,1.08889,1,1.020566471272891,0.001504698270298923,0,0
1263,1,0,0,0,0,1,1.086823988646057,-7.671479543499845,380,1,1.10526,1.04306,1.018558850768154,0.0008232426808339879,0,0
1264,1,10.6,4.7,0,0,1,1.086300291698669,-8.871752545335418,150,1,1.1,0.9,1.018544048214929,0.001381883884169757,0,0
1265,1,16.6,9.6,0,0,1,1.085030309521287,-11.73600396254318,225,1,1.08889,1,1.020923398098146,-0.0002425320670221019,0,0
1266,1,60.9,15.5,0,0,1,1.067425818431137,-13.09735668838606,225,1,1.09416,1,1.035811288696718,0.002771519964180263,0,0
1267,1,104.8,8.9,0,0,1,1.090509829987268,-9.777493593059566,380,1,1.10526,1.04211,1.030021106112164,-0.0003665652695934064,0,0
1268,2,124.6,68.5,0,0,1,1.056651381961666,-15.61673653293719,225,1,1.08546,0.95,1.048567785516415,0.006760771214703008,0,0
1269,1,0,0,0,0,1,1.08249719910631,-6.345262117449441,225,1,1.08444,1.00889,1.008153109065952,-0.00132089025377658,0,0
1270,1,0,0,0,0,1,1.084439999932749,-5.964805950825658,225,1,1.08444,1.00889,1.005363926444775,-0.002803559891518761,45.39818325400618,0
1271,1,0,0,0,0,1,1.094457147391276,-3.225663757126423,380,1,1.10263,1.04873,1.005741498632231,0.0002494223350878722,0,0
1272,1,0,0,0,0,1,1.062339014282075,-19.66491667138529,225,1,1.08444,1.00444,1.037271753815679,-0.05306967627758053,0,0
1273,1,0,0,0,0,1,1.044675042138673,-32.29265200667429,225,1,1.08444,1.00444,1.099516930508998,0.01042907180167129,0,0
1274,1,172.9,61.7,0,0,1,1.064822797305423,-20.36813451613853,225,1,1.08889,1.00444,1.051325688772747,0.007718631229571923,0,0
1275,1,83.59999999999999,23.3,0,0,1,1.079907084354925,-21.42961356821643,225,1,1.08889,1.00444,1.055316291205336,0.008088166551888936,0,0
1276,1,332.2,13.2,0,0,1,1.077779999979264,-18.40782901285187,90,1,1.07778,0.977778,1.023462310065352,-0.07325612971606731,147.2429910269757,0
1277,1,0,0,0,0,1,1.089933088143787,-10.07026275618191,380,1,1.10526,1.04211,1.03030200567544,-0.001565170995399377,0,0
1278,1,0,0,0,0,1,1.089706820968974,-10.06898045778132,380,1,1.10526,1.04211,1.030299566595592,-0.001533380132855005,0,0
1279,1,138.1,41.9,0,0,1,1.069535849165437,-8.110405425749196,225,1,1.08444,1.00889,1.016652606778982,0.002003491247187312,0,0
1280,1,0,0,0,0,1,1.060006164445597,-16.57886067243532,225,1,1.08889,1.00444,1.036416667692021,0.008107696526017632,0,0
1281,1,0,0,0,0,1,1.080775460336014,-11.49474600689565,380,1,1.10526,1.04211,1.033175782249105,0.006267209787471153,0,0
1282,1,0,0,0,0,1,1.081015256122769,-11.2995600499081,380,1,1.10526,1.04211,1.032572930921114,0.006195303260674912,0,0
1285,1,336.3,-17.1,0,0,1,1.057954325784192,-33.9627853323579,225,1,1.08444,1.00444,1.12363610738264,0.003316774773674618,0,0
1286,1,135.2,14,0,0,1,1.074254466222639,-12.9479717342063,225,1,1.08889,0.888889,1.029062163913033,0.005937849241273355,0,0
1287,1,21.2,1,0,0,1,1.06664864972907,-23.68880958129702,225,1,1.08889,1.00444,1.073645057181148,0.00456134724565616,0,0
1288,1,24.6,7.2,0,0,1,1.059946128776479,-12.63210963580365,225,1,1.08889,0.986667,1.033263795761706,0.006933621120838873,0,0
1289,1,300.3,6.7,0,0,1,1.060549316894936,-17.15941406060422,90,1,1.0825,0.977778,1.032303484748093,0.005032616189709098,0,0
1290,1,0,0,0,0,1,1.092477368362679,-9.662674819890348,380,1,1.10526,1.04211,1.02643714851485,0.00412603094546904,0,0
1291,1,0,0,0,0,1,1.092469296178089,-9.668761573018744,380,1,1.10526,1.04211,1.026451566718042,0.004131022069532537,0,0
1292,1,92,30.3,0,0,1,1.041837237110011,-20.69787676627739,225,1,1.08889,1.00226,1.055634487862702,0.01093825025336086,0,0
1294,1,89.40000000000001,25.4,0,0,1,1.084847024850058,-20.47728296392848,225,1,1.08889,1.00444,1.051733058560387,0.0006758284780092079,0,0
1295,1,325.3,0.3,0,0,1,1.093450713143223,-8.120344605723462,380,1,1.10526,1.04211,1.025718186869624,-0.0001464111546038997,0,0
1296,1,38.1,11.1,0,0,1,1.081247479861344,-14.44593336199719,225,1,1.08889,0.986667,1.040423984387614,0.00124295190665868,0,0
1297,1,41.1,0.4,0,0,1,1.082402321028723,-14.21402670742131,225,1,1.08889,0.986667,1.040915521555647,-0.0001391565545651917,0,0
1298,1,0,0,0,0,1,1.075678696274727,-15.97073744385164,225,1,1.08889,1.00444,1.032708505204561,0.004844501152288109,0,0
1299,1,0,0,0,0,1,1.08815937838043,-10.57864234993232,380,1,1.10526,1.04211,1.029368211414021,0.001890930780414566,0,0
1300,1,70.7,-4.2,0,0,1,1.078940558239863,-12.97766681569216,225,1,1.08889,1,1.03096179470842,-0.000976186686284083,0,0
1301,1,200.6,-23.9,0,0,1,1.07602342253602,-19.56518311400692,225,1,1.08444,1.00889,1.059782341866644,0.001430328114389643,0,0
1302,1,0,0,0,0,1,1.077974906671059,-17.06135161635366,380,1,1.10263,1.02895,1.058086309610447,0.00201531280762473,0,0
1303,1,310.7,18.9,0,0,1,1.050223967671417,-33.05381954661743,225,1,1.08444,1.00444,1.112712540481355,0.008595764567394746,0,0
1304,1,125.2,28.8,0,0,1,1.034005874817983,-10.75870522165034,225,1,1.08889,0.933333,1.030043442281067,0.008491764018354789,0,0
1305,1,0,0,0,0,1,1.042002625897082,0.3360780639500636,225,1,1.08889,0.977778,0.9999999999952982,-5.733820527072403e-12,0,0
1306,1,0,0,0,0,1,1.042225352942967,0.4187455310675353,225,1,1.08889,0.977778,0.9999999999974378,-4.765872103165098e-12,0,0
1307,1,0,0,0,0,1,1.041444692476769,0.06890457885479209,225,1,1.08889,0.977778,0.9999999999896224,-7.780430313556239e-12,0,0
1308,1,0,0,0,0,1,1.041978621612468,0.3018643530956375,225,1,1.08889,0.977778,0.9999999999972883,-5.414823415488192e-12,0,0
1309,1,85.09999999999999,8.4,0,0,1,1.081790011265042,-12.37068988213648,225,1,1.08889,0.888889,1.026524487012008,0.003732363593143808,0,0
1310,1,0.3,2.7,0,0,1,1.081816132803943,-12.36252544002634,225,1,1.08889,0.888889,1.02649366374356,0.003730287237035943,0,0
1311,1,0,0,0,0,1,1.041356967673037,0.02181379511522883,225,1,1.08444,1.00889,1.000606095122015,4.344102222266101e-05,0,0
1312,1,0,0,0,0,1,1.041089405238828,-0.05870140204235871,225,1,1.08444,1.00889,1.000655569756122,5.026077500677902e-05,0,0
1313,1,0,0,0,0,1,1.040899480027355,-0.1756940529261032,225,1,1.08444,1.00889,1.000796775591076,5.579390717878283e-05,0,0
1314,1,0,0,0,0,1,1.082367559519617,-5.744695120617124,225,1,1.08444,1.00889,0.9987481881048471,-0.0002249578062297035,0,0
1315,1,0,0,0,0,1,1.040971829561412,-0.1358037966170766,225,1,1.08444,1.00889,1.000817402074095,5.497224426200446e-05,0,0
1316,1,0,0,0,0,1,1.041117958453885,-0.09327207780322816,225,1,1.08444,1.00889,1.000812268126916,5.490640927480433e-05,0,0
1317,1,0,0,0,0,1,1.040342725662244,-0.4011883613094819,225,1,1.08444,1.00889,1.000906654787227,6.576255870514965e-05,0,0
1318,1,0,0,0,0,1,1.041098697154499,-0.07291966881455895,225,1,1.08444,1.00889,1.000616499729998,4.693577937920472e-05,0,0
1319,1,0,0,0,0,1,1.040472777038877,-0.306588005052282,225,1,1.08444,1.00889,1.00079438687009,6.25852863967747e-05,0,0
1320,3,0,0,0,0,1,1.096373867752023,-1.80434073,380,1,1.10263,1.05526,1.001495909887467,5.416563174656447e-05,0,0
1321,2,0,0,0,0,1,1.107469211348083,-7.851223714872176,150,1,1.10847,0.9,1.000483151892637,-0.0100350391596017,0,0
1322,1,129.6,57.7,0,0,1,1.050338029129996,-15.86423246594304,225,1,1.08889,1,1.056409370184584,0.006738822957240621,0,0
1323,1,0.4,0.1,0,0,1,1.077988495570251,-6.661611008223185,225,1,1.08889,0.888889,1.00230758906995,0.00354327523736671,0,0
1324,1,36.7,5.1,0,0,1,1.077876665119117,-6.67200870857294,225,1,1.08889,0.888889,1.002470075216554,0.003563393203502326,0,0
1838,1,9.9,-0.8,0,0,1,1.077972224312997,-6.664306505731147,225,1,1.08889,0.888889,1.002346752067307,0.003539567086269584,0,0
1325,1,58.8,13,0,0,1,1.067203723589619,-20.01681670386463,225,1,1.08889,1.00444,1.04991783252396,0.007181882702176201,0,0
1326,1,9,-4.4,0,0,1,1.077462518500087,-9.787813007654501,225,1,1.09553,0.986667,1.02369042427497,0.003054865940242986,0,0
1327,1,46.1,16,0,0,1,1.075649400649186,-21.80492596368006,225,1,1.08444,1.00889,1.073215549353061,0.002166946680050518,0,0
1328,1,7.1,-2.6,0,0,1,1.084721150123263,-11.50342495355035,225,1,1.08494,1.00444,1.021311777473445,-0.00835538984818919,0,0
1329,1,148.4,2.2,0,0,1,1.074350927777261,-22.4095948359683,225,1,1.08444,1.00889,1.077114873090918,0.002062642269013971,0,0
1330,1,29.3,19.2,0,0,1,1.080149521052061,-6.558678314842412,225,1,1.08889,0.933333,1.011386424947209,0.001905849708476157,0,0
1331,1,13.1,15.8,0,0,1,1.041390172780742,0.06321311006510408,225,1,1.04444,0.982222,1.000345738771063,3.169519652231585e-05,0,0
1332,1,0,0,0,0,1,1.086943968930385,-17.27923158675648,225,1,1.08889,1.00444,1.041565184477016,0.003704210016130187,0,0
1333,1,0,0,0,0,1,1.088889999922259,-16.60456125755672,225,1,1.08889,1.00444,1.039931435792539,-6.791501255085249e-12,39.2664763605485,0
1334,1,124.9,28.1,0,0,1,1.061697448287315,-7.430891842069801,225,1,1.08889,0.933333,1.011330031336918,-0.004299009217474837,0,0
1335,2,5.7,-0.3,0,0,1,1.035144169117727,-12.42916532236842,150,1,1.1,0.9,1.041625696458275,-2.649271334851023e-10,0,0
1336,1,53.2,-1.5,0,0,1,1.058828885353138,-9.101118784542235,225,1,1.08444,1.00444,1.009131207156462,0.003429392106070053,0,0
1337,1,-12.3,-1.9,0,0,1,1.061283934446362,-1.883156106989025,380,1,1.10263,1.04211,1.005926283317491,-7.226973542027295e-05,0,0
1338,1,147.7,51.5,0,0,1,1.069387202227034,-7.38120661463569,225,1,1.08889,0.933333,1.009580554181662,0.002092660295059022,0,0
1339,1,75.7,10.9,0,0,1,1.075880929576756,-12.77811068471844,225,1,1.08889,0.888889,1.027894979530627,0.005578627889879543,0,0
1340,1,67.09999999999999,-1.4,0,0,1,1.055112080669519,-18.31249801978551,225,1,1.09103,1.00444,1.047374624928183,0.008086012431633642,0,0
1341,1,72.8,14.2,0,0,1,1.093435731577396,-5.566378300059697,225,1,1.09515,0.986667,1.002728352244167,0.0005424771849909283,0,0
1342,1,80.90000000000001,-24.5,0,0,1,1.070260944637618,-12.95403176757624,225,1,1.08444,1.00444,1.036894238609955,-0.004801924320590324,0,0
1343,1,0,0,0,0,1,1.094022692691268,-0.9238086925501057,380,1,1.10526,1.02945,0.9999999999444227,3.360069550576954e-11,0,0
1344,1,257,47.7,0,0,1,1.083541200212611,-8.630515104742077,225,1,1.08975,1.00444,1.015777159943073,0.003250102922556298,0,0
1347,1,0,0,0,0,1,1.095990116712008,-4.276928323351486,380,1,1.10526,1.04211,1.012030666242319,0.002852151920581914,0,0
1348,1,73,9.5,0,0,1,1.057007650246122,-13.91311334711894,225,1,1.08889,0.888889,1.033296708647653,0.007824124436605615,0,0
1349,1,177.8,39.7,0,0,1,1.063759892674504,-8.468444618674789,225,1,1.08889,0.933333,1.012304783695462,0.002650917510144775,0,0
1350,1,-14,-7.5,0,0,1,1.088837711230077,-5.205859406044912,225,1,1.08889,0.933333,1.004802928145079,-6.312477293311281e-05,0,0
1351,1,83,1.5,0,0,1,1.081476428139478,-12.28132116640275,225,1,1.08889,1,1.027328174344189,-0.001171427957912701,0,0
1352,1,0,0,0,0,1,1.091775597954334,-8.607840474335648,380,1,1.10526,1.05263,1.023434847838647,-0.001895637351589115,0,0
1353,1,0,0,0,0,1,1.097836632077319,-8.610265807854576,380,1,1.10263,1.04211,1.024400213477226,4.528613631555229e-05,0,0
1354,1,54.5,-1.6,0,0,1,1.070495289479616,-19.07401281670897,225,1,1.08889,1.00444,1.050379800006993,0.007292846770747405,0,0
1355,1,239.4,33.6,0,0,1,1.073710996159935,-12.19243945677488,225,1,1.08889,1,1.028792768381492,0.001666936292778028,0,0
1356,2,0,0,0,0,1,1.078149999860336,-16.14356095278526,225,1,1.07815,0.95,1.045442749051015,1.624237821424991e-10,21.86080026133665,0
1357,1,141.1,39.2,0,0,1,1.067603073418618,-19.87674396793459,225,1,1.08889,1.00444,1.054097278825622,0.007778899890378711,0,0
1358,1,0,0,0,0,1,1.066432533173831,-13.56577711018548,225,1,1.08889,0.888889,1.030940354118116,0.005681405472932011,0,0
1359,1,143.5,15.2,0,0,1,1.068292575477945,-26.78222151423258,225,1,1.08444,1.00444,1.09097031529387,-0.005065793864710932,0,0
1360,1,0,0,0,0,1,1.053449332821294,-14.07759340527126,225,1,1.08889,0.888889,1.033460981153012,0.008590341465562605,0,0
1361,1,0,0,0,0,1,1.076629679049058,-9.799855760161719,380,1,1.10526,0.973684,1.028723426652141,0.006001999979711974,0,0
1362,1,-5,-2.7,0,0,1,1.049257863623864,-15.94171516764717,225,1,1.08889,0.888889,1.04460483054495,0.009332014803196263,0,0
1363,1,52.8,-8.800000000000001,0,0,1,1.082246801599431,-13.97871003226791,225,1,1.09152,0.986667,1.033931360531317,0.0014879849530041,0,0
1364,1,82.59999999999999,16,0,0,1,1.081713927047702,-13.11581344834333,225,1,1.09152,0.986667,1.03190552714158,0.001522473092591555,0,0
1365,1,0,0,0,0,1,1.09655235522384,-10.05018533835135,380,1,1.10526,1.03947,1.028893230103426,0.001027274301796247,0,0
1366,1,0,0,0,0,1,1.08984809982646,-5.100960332225838,225,1,1.09299,0.986667,1.001691316284944,-0.0002448656617867418,0,0
1367,1,0,0,0,0,1,1.105259999886502,-2.180251156707117,380,1,1.10526,1.03947,1.001381112610036,0.0001368815905505803,26.89976945716129,0
1368,1,0,0,0,0,1,1.105259999822703,-2.670203780735967,380,1,1.10526,1.03947,1.00228528225899,0.0002888418325082559,17.21497310431301,0
1371,1,41.6,6.7,0,0,1,1.087310744964808,-20.27420179264076,225,1,1.08889,1.00444,1.049330083513872,5.04047678373771e-05,0,0
1372,1,100.2,29.5,0,0,1,1.084517669841985,-18.21137708704393,225,1,1.08889,1.00444,1.050802599453858,0.0003695393067153774,0,0
1373,1,0,0,0,0,1,1.011251074096041,-12.52839528956398,150,1,1.1,0.9,1.022901492539107,0.004231517790389888,0,0
1374,1,121.1,18.5,0,0,1,1.083016991620155,-9.768350972592984,225,1,1.08889,0.986667,1.020794150051698,0.00298391970697597,0,0
1375,1,0,0,0,0,1,1.093902893400944,-7.182186256780983,380,1,1.10526,1.03947,1.017558583109612,0.002499092058110856,0,0
1376,1,133.5,5.9,0,0,1,1.074220911524444,-18.4093675292445,225,1,1.08444,1.00889,1.056212655451418,0.0008690039016786214,0,0
1377,1,203,55.5,0,0,1,1.073618317690892,-7.961990928564128,225,1,1.08444,1.00889,1.015035550733148,-0.0005364213176274626,0,0
1378,1,0,0,0,0,1,1.088000995896761,-20.12454663178271,225,1,1.08889,1.00444,1.048172845791774,2.581265798165985e-10,0,0
1379,1,0,0,0,0,1,1.088003223351153,-20.12411605856093,225,1,1.08889,1.00444,1.048168561903259,1.927502152653713e-10,0,0
1380,1,76.2,10.9,0,0,1,1.077841356486578,-10.79417082942849,225,1,1.08889,0.986667,1.026527416053303,0.003687677414816896,0,0
1381,1,151.5,49.5,0,0,1,1.087349845035083,-20.22364834796278,225,1,1.08889,1.00444,1.048938346463725,0.00010999159899826,0,0
1382,1,0,0,0,0,1,1.103402648399682,-14.87396840819472,380,1,1.10526,1.03947,1.006400058000559,1.861144973626392e-10,0,0
1383,1,40.8,0.3,0,0,1,1.094976721535985,-11.321369904319,380,1,1.10526,1.03947,1.033288005021869,0.0009323639634466252,0,0
1384,1,103.5,56.3,0,0,1,1.078039600499261,-18.37613241086532,225,1,1.08889,1.00444,1.045494035554019,0.004343829912003513,0,0
1385,1,0,0,0,0,1,1.086119171224543,-19.57831455781989,225,1,1.08889,1.00444,1.045155006482104,0.005228164979786037,0,0
1386,1,0,0,0,0,1,1.082536392226213,-13.73076774043968,380,1,1.10526,1.04211,1.041585165330349,0.004317688356659632,0,0
1387,1,150.5,16.4,0,0,1,1.069849955918534,-13.4037173140526,225,1,1.08444,1.00444,1.036579649139708,-0.001424682711904803,0,0
1388,1,0.3,-4.6,0,0,1,1.082013995721977,-18.46759496854996,225,1,1.08889,1.00444,1.04579791329158,0.003340163641711767,0,0
1389,1,300.2,24.2,0,0,1,1.014745677664201,-17.7210360832085,90,1,1.06667,0.977778,1.035970310564515,0.001800665261852568,0,0
1390,1,0,0,0,0,1,1.091696508549209,-10.67854067419492,380,1,1.10263,1.04211,1.032228985458618,0.001130447772889385,0,0
1391,1,0,0,0,0,1,1.095341877028163,-9.830635484124645,380,1,1.10263,1.04211,1.029004352946901,0.0001718746680727196,0,0
1392,1,0,0,0,0,1,1.088810386656722,-16.96520040326008,225,1,1.08889,1.00444,1.042099055280508,0.0003993238970648124,0,0
1393,1,128,7.5,0,0,1,1.085969561036192,-17.54798735989788,225,1,1.08889,1.00444,1.042417528003818,0.003990392061841094,0,0
1394,1,0,0,0,0,1,1.083700007814687,-13.78066653301041,380,1,1.10526,1.036,1.040549359421365,0.003427061310442589,0,0
1395,1,0,0,0,0,1,1.082352135821433,-13.97970015772765,380,1,1.10526,1.036,1.041081679514182,0.003677041555880702,0,0
1397,1,56.7,-0.2,0,0,1,1.081610250920222,-12.28722584711499,225,1,1.08889,0.986667,1.031328122546216,-0.001490067887334489,0,0
1398,1,0,0,0,0,1,1.07603495135247,-9.433170952495677,225,1,1.08889,0.986667,1.019063828383996,0.003635664700153936,0,0
1399,1,0,0,0,0,1,1.059886936036994,-10.78789103832844,225,1,1.08889,0.986667,1.021614318014371,0.008284376434995281,0,0
1400,1,0,0,0,0,1,1.059886936036994,-10.78789103832844,225,1,1.08889,0.986667,1.021614318014371,0.008284376434995282,0,0
1402,1,0,0,0,0,1,1.05979786280521,-10.80902048506574,225,1,1.08889,0.986667,1.021621701949194,0.008285350814039893,0,0
1403,1,74.90000000000001,11.4,0,0,1,1.075945990298265,-9.453664977859706,225,1,1.08889,0.986667,1.019067660868478,0.003636255931578773,0,0
1404,1,68.5,21.7,0,0,1,1.089551838839682,-6.037878907527157,225,1,1.10045,0.986667,1.005554888344902,0.001697637483768104,0,0
1405,1,68.3,10.7,0,0,1,1.015200935755494,-13.77934057305844,225,1,1.08889,0.933333,1.04213656551158,0.005520379619575121,0,0
1406,1,100,48.8,0,0,1,1.029144247573225,-10.38020485837249,225,1,1.08889,0.933333,1.023786299978064,0.008609477135220161,0,0
1407,1,89.59999999999999,33.6,0,0,1,1.073318900095421,-10.5562129099608,225,1,1.08889,0.933333,1.025297859283521,0.003618717187037049,0,0
1408,1,-0.8,4.4,0,0,1,1.083909902619781,-13.51257224463315,225,1,1.08889,1.00444,1.03605793632586,0.001678128076562493,0,0
1409,1,15.9,9.699999999999999,0,0,1,1.083467322959591,-13.55797557778045,225,1,1.08889,1.00444,1.036340156603892,0.001769514599199877,0,0
1410,1,55.3,8.9,0,0,1,1.078091456922279,-16.93400129311458,225,1,1.08889,1.00444,1.039910654651855,0.006317509622531288,0,0
1839,1,84.7,24.4,0,0,1,1.048644299455833,-19.4049354372559,225,1,1.08889,1.00444,1.047805156451102,0.009695641741252174,0,0
1411,1,181.3,42.7,0,0,1,1.085579909389144,-20.35007595723744,225,1,1.08889,1.00444,1.049833793491148,0.0005943075281877632,0,0
1412,1,170.7,62.2,0,0,1,1.084355298023236,-5.291124020820726,225,1,1.08889,0.933333,1.005443792032627,0.0006859608400955651,0,0
1413,1,135.2,-29.1,0,0,1,1.054723686550148,-25.32568857648475,225,1,1.08444,1.00444,1.076175351633617,-0.03263594527992093,0,0
1414,1,9,-6.6,0,0,1,1.088889999939538,-5.654738267074796,225,1,1.08889,0.888889,0.9990265159413185,-0.002610404094051212,50.48837420280196,0
1415,1,0.9,-4.1,0,0,1,1.081110389282613,-6.832903094252477,225,1,1.08889,0.888889,1.002907299525357,0.0008629719601570636,0,0
1416,1,0,0,0,0,1,1.102260190896174,-2.735391490099425,380,1,1.10526,1,1.001246621989656,0.0004966032481424025,0,0
1417,1,0,0,0,0,1,1.101883788406013,-2.814118845310427,380,1,1.10526,1,1.001391752086729,0.0005593041966916055,0,0
1418,1,24.1,10.4,0,0,1,1.065660567140584,-14.07335042146894,225,1,1.08889,0.888889,1.034305747895789,0.006015570175194513,0,0
1419,1,31.8,8.300000000000001,0,0,1,1.065839543963785,-14.11940528604005,225,1,1.08889,0.888889,1.034414492036953,0.005876503872047869,0,0
1420,1,0,0,0,0,1,1.070447863132597,-12.28490791281673,225,1,1.08889,0.888889,1.024161118079982,0.005186845968909099,0,0
1421,1,0,0,0,0,1,1.083676474909906,-8.356503842467161,380,1,1.10526,1,1.019852284147284,0.00405396652272742,0,0
1422,1,24.8,12.7,0,0,1,1.079624751478951,-6.912031109581076,225,1,1.08889,0.888889,1.004373619310427,0.000271923214620666,0,0
1423,1,18.2,8.4,0,0,1,1.079947341361182,-6.893439145948151,225,1,1.08889,0.888889,1.004220467175627,0.000181542493319786,0,0
1424,1,4.1,3.3,0,0,1,1.064361803679295,-10.56829134407365,225,1,1.08889,0.888889,1.02003745616473,0.00494310062144163,0,0
1425,1,50.8,13.5,0,0,1,1.082245396693836,-8.576300169419161,225,1,1.08889,1.00444,1.017440145809053,0.002809880074577865,0,0
1840,1,0,0,0,0,1,1.076365594863475,-18.15924753060434,225,1,1.08889,1.00444,1.043383403786673,0.00655717889774846,0,0
1426,1,0,0,0,0,1,1.089559452165173,-12.25902842625414,380,1,1.10526,1.04211,1.037040509710079,0.004856787479604717,0,0
1427,1,0,0,0,0,1,1.067274282810713,-23.06015815595041,225,1,1.08482,1.00444,1.067536961274699,0.004264765839715532,0,0
1428,1,0,0,0,0,1,1.072176970290191,-11.29993419735451,225,1,1.13333,0.853333,1.023121790173329,0.00499490944006306,0,0
1429,1,0,0,0,0,1,1.104795350991487,-8.198001059286831,150,1,1.10862,0.9666670000000001,1.004521211959399,-0.009854032939799079,0,0
1430,1,0,0,0,0,1,1.086661875020684,-17.78670533197162,225,1,1.08935,1.00444,1.048144601212605,8.664496502994767e-05,0,0
1431,1,0,0,0,0,1,1.086779168149459,-17.77751984575569,225,1,1.08941,1.00444,1.04804888639747,6.678917174143189e-05,0,0
1432,1,0,0,0,0,1,1.064145168955477,-12.83021087364827,225,1,1.13333,0.853333,1.029208060641697,0.006443411504587592,0,0
1433,1,0,0,0,0,1,1.050066994043753,-14.364851293564,225,1,1.08889,0.888889,1.046961147927931,0.008347731425717509,0,0
1434,1,0,0,0,0,1,1.053851013970218,-13.38854936779297,225,1,1.09333,1,1.036871726093943,0.004495919665295799,0,0
1435,1,0,0,0,0,1,1.051601020926938,-14.31112704240238,225,1,1.13333,0.853333,1.036956767134837,0.009495541158159995,0,0
1436,1,0,0,0,0,1,1.041767764951029,-10.43598927795787,225,1,1.08889,0.933333,1.022598348641946,-0.001523940796880298,0,0
1437,1,0,0,0,0,1,1.074762258693753,-5.250132508480053,225,1,1.08444,1.00889,0.9999573360486602,-1.181184587987137e-06,0,0
1438,1,0,0,0,0,1,1.06830194553624,-19.65308230262622,225,1,1.08889,1.00444,1.047498891531418,0.007216710749569684,0,0
1439,1,0,0,0,0,1,1.072108583707201,-7.188469550135216,150,1,1.08,0.9666670000000001,1.011619422090351,-0.00792724250453916,0,0
1440,1,0,0,0,0,1,1.068068240215546,-19.72544634963747,225,1,1.08889,1.00444,1.047751432728721,0.007254396612441391,0,0
1441,1,0,0,0,0,1,1.064984983408716,-28.12045790139773,225,1,1.08444,1.00444,1.095758250391458,0.001261653950415885,0,0
1442,1,0,0,0,0,1,1.078225222106079,-6.383707947314968,225,1,1.09559,0.888889,1.008860474420453,0.00206018037992425,0,0
1443,1,0,0,0,0,1,1.077991714606999,-6.458065710733013,225,1,1.08889,0.933333,1.002204229045352,0.0001769613569255176,0,0
1444,1,0,0,0,0,1,1.080538796283264,-10.30573393379983,225,1,1.08444,1.00889,1.02882266091399,7.173221524159118e-05,0,0
1445,1,0,0,0,0,1,1.085250295822713,-19.61623164305587,225,1,1.08889,1.00444,1.045557990191048,0.005534703385308376,0,0
1446,1,0,0,0,0,1,1.086075538823932,-19.5841718872296,225,1,1.08889,1.00444,1.045207958222332,0.005235977688194733,0,0
1447,1,0,0,0,0,1,1.074305639832605,-6.946030472159451,225,1,1.08889,0.933333,1.006000426085749,0.0008155319107476608,0,0
1448,1,0,0,0,0,1,1.089448311248123,-11.99283043455925,380,1,1.10526,1.04211,1.035199561170748,0.002387580296809345,0,0
1449,1,0,0,0,0,1,1.072350397489721,-6.914891974922498,150,1,1.10667,0.9,1.009367494424963,-0.004927865953824669,0,0
1450,1,0,0,0,0,1,1.074235982906594,-17.97694634621195,225,1,1.08889,1.00444,1.044231009848029,0.005445267009084456,0,0
1451,1,0,0,0,0,1,1.074082331455749,-18.00692102091775,225,1,1.08889,1.00444,1.044436172722313,0.005465419381794012,0,0
1452,1,0,0,0,0,1,1.06115258890687,-24.43141689168172,225,1,1.08444,1.00444,1.078159054714349,0.00176818467226153,0,0
1453,1,0,0,0,0,1,1.057906720767367,-34.48593814448994,225,1,1.08444,1.00444,1.117521983737904,0.004584191111889306,0,0
1454,1,0,0,0,0,1,1.085037678316676,-6.935229022513761,225,1,1.09333,1,1.000064605545983,-0.0003540384761811036,0,0
1455,1,0,0,0,0,1,1.0668071112166,-7.6283441772499,225,1,1.08889,0.933333,1.009605717335084,0.002094042698553055,0,0
1456,1,0,0,0,0,1,1.066826042859214,-9.631823949828609,225,1,1.08889,0.933333,1.023952404530774,0.004131085162643979,0,0
1457,1,0,0,0,0,1,1.051934708246327,-14.19966265309009,225,1,1.13333,0.853333,1.035996172836441,0.00877794153628318,0,0
1458,1,0,0,0,0,1,1.071398806876227,-12.98898077304836,225,1,1.08889,0.888889,1.031764053478192,0.003407666302499651,0,0
1459,1,0,0,0,0,1,1.075279506497561,-14.13619909621307,225,1,1.08889,0.888889,1.040538922931872,0.001024786305467981,0,0
1460,1,0,0,0,0,1,1.082970105026674,-7.654325782673201,225,1,1.09333,1,1.004346461243356,0.0005950511953706084,0,0
1461,1,0,0,0,0,1,1.067127124068718,-26.17009946761014,225,1,1.08444,1.00444,1.08812939076243,-0.0008363193826074583,0,0
1462,1,0,0,0,0,1,1.083210386347029,-6.918059568675706,225,1,1.13333,0.853333,1.004178051494712,-0.0008557141478001437,0,0
1463,1,0,0,0,0,1,1.073812067260764,-16.39917759915669,225,1,1.08889,1.00444,1.035179732658595,0.00515204174582092,0,0
1464,1,0,0,0,0,1,1.085803121524484,-7.102414068841346,225,1,1.09333,1,1.000046154912103,1.049659838753085e-05,0,0
1465,1,0,0,0,0,1,1.068144964940611,-10.62092817581994,225,1,1.08889,0.888889,1.023430753356787,0.007313723092510478,0,0
1466,1,0,0,0,0,1,1.077093812491084,-13.9157278139609,225,1,1.08444,1.00444,1.035232344279868,-0.000530424478530156,0,0
1467,1,0,0,0,0,1,1.045808446242879,-20.12518781796665,225,1,1.08889,1.00444,1.052026525833751,0.01012479699581731,0,0
1468,1,0,0,0,0,1,1.045397844253565,-20.18467447609502,225,1,1.08889,1.00444,1.052395324836889,0.01020502545750553,0,0
1469,1,0,0,0,0,1,1.080748878810483,-20.80875360218414,225,1,1.08889,1.00444,1.051511581771392,0.008230512905431352,0,0
1470,1,0,0,0,0,1,1.080910662561297,-20.4620040227063,225,1,1.08889,1.00444,1.050571022317054,0.008325213981474471,0,0
1471,1,0,0,0,0,1,1.08726857060466,-17.37948492982579,225,1,1.08943,1.00444,1.045260010059389,0.0003984163368303249,0,0
1472,1,0,0,0,0,1,1.085556471643307,-17.96385311630932,225,1,1.08889,1.00444,1.045226047732763,0.003738917720172618,0,0
1473,1,0,0,0,0,1,1.08527313455925,-5.743574507335592,225,1,1.09372,0.888889,1.005231349922333,0.0004752708296723578,0,0
1474,1,0,0,0,0,1,1.080756327572159,-10.15690871792497,225,1,1.08444,1.00444,1.019913051082928,-0.006465570994238657,0,0
1475,1,0,0,0,0,1,1.080900782955259,-10.18127077112495,225,1,1.08444,1.00444,1.020046483744145,-0.00641211456067271,0,0
1476,1,0,0,0,0,1,1.076698443860736,-10.19399984507039,225,1,1.08889,0.888889,1.023395418770721,0.004482753606748564,0,0
1477,1,0,0,0,0,1,1.070214786534569,-18.91673872343184,225,1,1.08889,1.00444,1.043575581449948,0.007112047697651187,0,0
1478,1,0,0,0,0,1,1.069228460440703,-19.72752466606894,225,1,1.08444,1.00444,1.034936791303165,-0.0689223193705851,0,0
1479,1,0,0,0,0,1,1.063771357223036,-8.326059345711505,225,1,1.08889,0.933333,1.012153774876519,0.002601555360011093,0,0
1480,1,0,0,0,0,1,1.072419641792376,-13.29557181228773,225,1,1.13333,0.853333,1.029424870351765,0.004857393769706682,0,0
1481,1,0,0,0,0,1,1.08079187885227,-20.08571538860397,225,1,1.08889,1.00444,1.04855299244668,0.008374098919026594,0,0
1482,1,0,0,0,0,1,1.080227000564974,-20.13555068568147,225,1,1.08889,1.00444,1.04872854968684,0.008472972282865789,0,0
1483,1,0,0,0,0,1,1.060695970139004,-12.47543223322455,225,1,1.08889,0.888889,1.034164775281244,0.007627493193536897,0,0
1484,1,0,0,0,0,1,1.083741136483755,-6.031178682352722,225,1,1.0935,0.888889,1.006958121238224,0.0005665838621617755,0,0
1485,1,0,0,0,0,1,1.076179643839319,-7.776790032480137,225,1,1.08444,1.00889,1.012904956848577,0.0007323285060546949,0,0
1486,1,0,0,0,0,1,1.053977963172626,-11.07684818613647,225,1,1.08889,0.933333,1.025490043290673,0.005036181378263838,0,0
1487,1,-0,0,0,0,1,1.015253379815527,-19.41251620013139,63,1,1.07937,0.920635,1.051399783960764,0.007610022334393364,0,0
1488,1,0,0,0,0,1,1.081937418772355,-23.26450073100366,225,1,1.08444,1.00444,1.066810857737871,-0.0005325788655807985,0,0
1489,1,0,0,0,0,1,1.077387495611006,-6.788185306264066,225,1,1.08444,1.00889,1.000206901691581,-1.616395712085245e-05,0,0
1490,1,0,0,0,0,1,1.08734617898737,-18.63238076176752,225,1,1.08889,1.00444,1.043050554685831,0.0006029996086305389,0,0
1491,1,0,0,0,0,1,1.08034984964915,-7.235657511705424,225,1,1.09333,1,1.002752948211793,-0.0001168166348928596,0,0
1492,1,-2.8,6.7,0,0,1,1.067057747773578,-7.202625980276878,225,1,1.08889,0.933333,1.01001264628628,0.001762637167589187,0,0
1493,1,0,0,0,0,1,1.085074550656247,-6.935516647876644,225,1,1.09333,1,1.000064601937774,-0.0003640791661038561,0,0
1494,1,0,0,0,0,1,1.077731295650465,-17.95782091361283,225,1,1.08889,1.00444,1.045147542825039,0.005640661588442635,0,0
1495,1,0,0,0,0,1,1.077103235099014,-18.13337107591071,225,1,1.08889,1.00444,1.046107344109993,0.005685531349596329,0,0
1496,1,0,0,0,0,1,1.07775062212911,-17.99831499688873,225,1,1.08889,1.00444,1.043626684175844,0.004584018387121093,0,0
1497,1,0,0,0,0,1,1.075466504961377,-11.32594267503169,225,1,1.08889,0.888889,1.026712400604337,0.004081774062752097,0,0
1498,1,0,0,0,0,1,1.079189817097412,-8.231230983956095,225,1,1.08889,0.888889,1.019052244523257,0.003472284951806883,0,0
1499,1,0,0,0,0,1,1.064844727624612,-15.64567313353341,225,1,1.08923,0.888889,1.048023962893083,0.004442346339119211,0,0
1500,1,0,0,0,0,1,1.053737357524594,-9.863230588503653,225,1,1.08889,0.933333,1.026073985524666,0.003562309488048931,0,0
1501,1,0,0,0,0,1,1.06948304961492,-12.30700335579866,225,1,1.0896,0.888889,1.032844995316096,0.003683451891548375,0,0
1502,1,0,0,0,0,1,1.08623478715568,-19.98814892119287,225,1,1.08889,1.00444,1.046871781150977,0.00503566444224053,0,0
1503,1,0,0,0,0,1,1.075773139165729,-6.378886114829934,225,1,1.08444,1.00889,1.006450106841194,-0.0006095040200143488,0,0
1504,1,0,0,0,0,1,1.067293777022385,-23.83356366531038,225,1,1.08444,1.00889,1.08588766217144,0.003141864198992593,0,0
1505,1,0,0,0,0,1,1.066596187454948,-7.640149385551396,225,1,1.08889,0.933333,1.011522333957903,0.001674586481594536,0,0
1506,1,0,0,0,0,1,1.08668231788418,-11.21814350274292,225,1,1.09333,1,1.016665045116818,-1.290199123817059e-05,0,0
1507,1,0,0,0,0,1,1.099235504987788,-9.508130008615874,150,1,1.10847,0.9666670000000001,1.017732593287703,-0.01136940632718437,0,0
1508,1,0,0,0,0,1,1.077826880352045,-18.45642510676385,225,1,1.08889,1.00444,1.045956296691109,0.004338941868240725,0,0
1509,1,0,0,0,0,1,1.079146536365504,-18.46225236045122,225,1,1.08889,1.00444,1.045914338529904,0.003993162248898222,0,0
1510,1,0,0,0,0,1,1.07440591920635,-17.80500916844669,225,1,1.08889,1.00444,1.043088011839703,0.006798349074092992,0,0
1511,1,0,0,0,0,1,1.103008490436466,-8.437661476530415,150,1,1.10879,0.9666670000000001,1.007413683885961,-0.009778755304646754,0,0
1512,1,0,0,0,0,1,1.088831528402234,-16.98200251076312,225,1,1.08994,1.00444,1.042309965488801,0.0005756345993221203,0,0
1513,1,0,0,0,0,1,1.01763645501507,-19.58976125728808,63,1,1.07937,0.920635,1.049855465886518,0.005959106973847538,0,0
1514,1,0,0,0,0,1,1.092099750839682,-5.043060127246179,225,1,1.09422,0.888889,1.001303344301645,-0.0001894690156151714,0,0
1515,1,0,0,0,0,1,1.080459727914966,-23.31223199193872,225,1,1.08444,1.00444,1.06783627586265,0.001046500366069152,0,0
1516,1,0,0,0,0,1,1.103679549640195,-14.27671673687189,380,1,1.10526,1.03947,1.004916636933555,1.485538731657556e-05,0,0
1517,1,0,0,0,0,1,1.037191224475395,-16.86256806888835,150,1,1.06648,0.979115,1.038895685934374,0.007139423459917315,0,0
1518,1,0,0,0,0,1,1.067047127475854,-10.76898527291204,225,1,1.09333,1,1.02509516703468,0.003297634074367877,0,0
1519,1,0,0,0,0,1,1.047147023117024,-15.83237809792286,225,1,1.08889,0.888889,1.058127726973601,0.008578950672948222,0,0
1520,1,0,0,0,0,1,1.074279641205834,-12.92428967382414,225,1,1.13333,0.853333,1.028884776713192,0.005944613132981145,0,0
1521,1,0,0,0,0,1,1.071045502764181,-22.30207185653131,225,1,1.08515,1.00444,1.062402398835652,0.003534622321230654,0,0
1522,1,0,0,0,0,1,1.083490308338529,-9.087515048004347,225,1,1.08444,1.00889,1.017885379125976,7.497239777659094e-05,0,0
1523,1,0,0,0,0,1,1.085057221428657,-5.991632318957403,225,1,1.08889,0.933333,1.007758590608833,0.0003197288468610361,0,0
1524,1,0,0,0,0,1,1.080085170217735,-19.23441417593184,225,1,1.08889,1.00444,1.050785577256996,0.004146658095013755,0,0
1525,1,0,0,0,0,1,1.078908270324956,-18.82173302081092,225,1,1.08889,1.00444,1.048546340878012,0.004825462138058284,0,0
1526,1,0,0,0,0,1,1.086498905049873,-19.98393005543,225,1,1.08889,1.00444,1.046731543958594,0.005011062006664509,0,0
1527,1,0,0,0,0,1,1.076639679534916,-18.98980747440942,225,1,1.08889,1.00444,1.047986705891864,0.004411777627297279,0,0
1528,1,0,0,0,0,1,1.029471118145039,-14.38621473144029,150,1,1.08,0.9666670000000001,1.058301818044123,-0.0003434714016132678,0,0
1529,1,0,0,0,0,1,1.071280246495314,-8.617611123156481,225,1,1.13333,0.853333,1.010860064700597,0.003098877406856682,0,0
1530,1,0,0,0,0,1,1.055332871062094,-16.56571629185494,225,1,1.13333,0.853333,1.048927141255418,0.007734757025390856,0,0
1531,1,0,0,0,0,1,1.074891825119362,-5.777656691782608,225,1,1.08889,0.933333,1.00319008987435,0.0004115249187886988,0,0
1532,1,0,0,0,0,1,1.076195584977982,-5.923882728777502,225,1,1.08444,1.00889,1.003476831747914,1.26110502864857e-05,0,0
1533,1,0,0,0,0,1,1.082108468688642,-6.744478202062451,225,1,1.08889,0.888889,1.007548539794212,0.003062885143436529,0,0
1534,1,0,0,0,0,1,1.084938119343524,-6.935384827292471,225,1,1.09172,1,1.000064603628477,-0.0003594772916133841,0,0
1535,1,0,0,0,0,1,1.0854273301581,-6.903127078428506,225,1,1.08889,0.888889,1.011665581800385,0.002397417095999393,0,0
1536,1,0,0,0,0,1,1.068535691178591,-19.453274221485,225,1,1.08889,1.00444,1.046793513409295,0.00712772761292771,0,0
1537,1,0,0,0,0,1,1.084940078407796,-7.325346864084435,380,1,1.10526,1,1.019238937629861,0.00417985598827825,0,0
1538,1,0,0,0,0,1,1.084439997317402,-9.583108961861988,225,1,1.08444,1.00889,1.019621315154591,0.0002689026041582914,1.137855949374645,0
1539,1,0,0,0,0,1,1.070708750012869,-25.13720969837101,225,1,1.08444,1.00444,1.074253667953006,0.004597735537645908,0,0
1540,1,0,0,0,0,1,1.078826593240228,-10.524778460476,225,1,1.08889,0.888889,1.02482967790121,0.00371001827260337,0,0
1541,1,0,0,0,0,1,1.081742363059547,-8.126729085969204,225,1,1.09333,1,1.006736567478587,-3.63682362786262e-07,0,0
1542,1,0,0,0,0,1,1.080299384106349,-8.082223064886403,225,1,1.09333,1,1.008041604389386,0.001179828311025664,0,0
1543,1,0,0,0,0,1,1.082862763983477,-14.08728081981931,225,1,1.08889,0.888889,1.040008003556375,-0.0001356290162315533,0,0
1544,1,0,0,0,0,1,1.078848577621984,-36.37360663473633,225,1,1.08444,1.00444,1.122908819518339,-0.008230169196497952,0,0
1545,1,0,0,0,0,1,1.081821129956266,-12.3625227963549,225,1,1.13333,0.853333,1.02649355470549,0.003729305894056072,0,0
1546,1,0,0,0,0,1,1.085762780286831,-5.910004907413328,380,1,1.10263,1.03851,1.013490222011057,-1.633652580430001e-05,0,0
1547,1,0,0,0,0,1,1.055261719865035,-18.14839477966148,225,1,1.0898,1.00444,1.046854941051123,0.008100117062689699,0,0
1548,1,0,0,0,0,1,1.086377734704379,-4.982866551546942,225,1,1.08889,0.933333,1.003751767205477,0.0003075052652708821,0,0
1549,1,0,0,0,0,1,1.06439974399832,-10.56659241516069,225,1,1.13333,0.853333,1.020021079684629,0.004930363170462868,0,0
1551,1,0,0,0,0,1,1.070587364531052,-11.93368237696386,380,1,1.10526,1.02632,1.021457641761806,0.00480946806543946,0,0
1552,1,0,0,0,0,1,1.085995693045869,-21.60960373760527,380,1,1.31579,0.8,1.065720728284278,0.001583684477279583,0,0
1553,1,0,0,0,0,1,1.077077478659542,-22.02865851121586,380,1,1.31579,0.8,1.071513904560023,0.002152351519862537,0,0
1554,1,0,0,0,0,1,1.0842599981304,-10.96995348785981,380,1,1.2,0.8,1.023019442449445,-0.01652045638895677,0,0
1555,1,0,0,0,0,1,1.081518683223826,-20.09409578520379,380,1,1.18421,0.921053,1.042562815693576,0.008793371436889753,0,0
1556,1,0,0,0,0,1,1.069412822617421,-7.650590459052606,380,1,1.10526,1.03811,1.006941032468464,-0.004643772874990012,0,0
1557,1,-0.1,-31.7,0,0,1,1.085395214258806,-13.84126726730962,380,1,1.10263,1.04211,1.029805447022283,-0.002786311665179731,0,0
1558,1,0,0,0,0,1,1.076155581208784,-11.03869104591418,380,1,1.10263,1.04211,1.011627992521482,-0.001842335952656926,0,0
1559,1,0,0,0,0,1,1.067460172672027,-13.40377135466413,380,1,1.10526,1.02632,1.029344567285286,0.004294268408615617,0,0
1560,1,0,0,0,0,1,1.073564375954039,-11.52530490230063,380,1,1.10263,1.04211,1.021409727877169,0.0003222603293437458,0,0
1561,1,0,0,0,0,1,1.082570793113868,-38.56041236489516,380,1,1.10263,1.03854,1.122913114857275,-0.0103213423465912,0,0
1562,1,0,0,0,0,1,1.085200227553156,-6.543877235735205,380,1,1.10526,1.02632,1.006058243343845,-0.008878061220244308,0,0
1563,1,0,0,0,0,1,1.076289172588552,-19.39756408987855,380,1,1.18421,0.921053,1.03921396649282,0.006465602305840814,0,0
1564,1,0,0,0,0,1,1.064413184936179,-8.995832924560007,380,1,1.10526,1.03947,1.009562421038236,0.002432699266043792,0,0
1565,1,0,0,0,0,1,1.065198622417271,-12.43435266918226,380,1,1.2,0.8,1.021390719392435,0.003809091702846448,0,0
1566,1,0,0,0,0,1,1.07853037412905,-16.45138124092043,380,1,1.31579,0.8,1.044535767664226,-0.0003763107016723301,0,0
1567,1,0,0,0,0,1,1.044816780173946,-21.06026063382991,380,1,1.18421,0.921053,1.047734663356265,0.009929848693399688,0,0
1568,1,-0,-0,0,0,1,1.070977601594982,-23.09349321359775,380,1,1.10263,1.04211,1.061128926066806,0.003445622847540928,0,0
1569,1,0,0,0,0,1,1.081249497221224,-7.553240451984678,380,1,1.2,0.8,0.9981044998379984,-0.0006461211301628184,0,0
1570,1,0,0,0,0,1,1.069723403339546,-20.0834359900051,380,1,1.18421,0.921053,1.043622319271506,0.007338274211271658,0,0
1571,1,4.8,2.7,0,0,1,1.067796242529292,-19.88536584835712,225,1,1.24444,0.888889,1.048824219978365,0.00729094715874677,0,0
1572,1,0,0,0,0,1,1.083089865915967,-14.50808559702337,380,1,1.10526,1.02632,1.037958975023118,0.000556771251750142,0,0
1573,1,0,0,0,0,1,1.071911017488416,-10.81853080743889,380,1,1.2,0.8,1.020189053708762,0.001461421698321267,0,0
1574,1,0,10.2,0,0,1,1.06675872594717,-9.787410136373003,380,1,1.10263,1.04211,1.005410522092945,0.004272460021251664,0,0
1575,1,0,0,0,0,1,1.08686345433984,-20.70347692942031,380,1,1.18421,0.921053,1.043282287724053,0.005565629726873165,0,0
1576,1,0,0,0,0,1,1.082128277788641,-6.628920140995547,380,1,1.10526,1.03601,1.009778969008271,0.0010114299726102,0,0
1577,1,0,0,0,0,1,1.086392405868894,-21.81458563599211,380,1,1.31579,0.8,1.066208757782705,0.001511331044798534,0,0
1578,1,0,0,0,0,1,1.08169341563466,-7.478573993222067,380,1,1.2,0.8,0.9979537767045236,-0.0002490997039637238,0,0
1579,1,0,0,0,0,1,1.076967324201533,-22.19820387188873,380,1,1.31579,0.8,1.072007778693057,0.002163450686004408,0,0
1580,1,0,0,0,0,1,1.084289002093325,-10.55714418148902,380,1,1.2,0.8,1.020765206577453,-0.02237650972187241,0,0
1581,1,0,0,0,0,1,1.070431235941757,-7.294797958843644,380,1,1.10526,1.03427,1.006492625401698,-0.004708795814772947,0,0
1582,1,0,0,0,0,1,1.083014000745765,-10.21919093509338,380,1,1.10263,1.04211,1.011250267442223,-0.001576796482497154,0,0
1583,1,0,0,0,0,1,1.086130042937207,-11.00040277431982,380,1,1.2,0.8,1.021497231422409,-0.001039677610615823,0,0
1584,1,-0,-0,0,0,1,1.062954354391543,-15.21468130529017,380,1,1.10526,0.961274,1.036817304186028,0.006094186819144398,0,0
1585,1,0,0,0,0,1,1.081492835823584,-37.31007343318326,380,1,1.10263,1.03848,1.121388903473889,-0.009483659690359483,0,0
1586,1,0,0,0,0,1,1.084427975487847,-6.723171476543055,380,1,1.10526,1.02632,1.006182419920927,-0.009395264612663812,0,0
1587,1,0,0,0,0,1,1.083056833619277,-18.56008909062903,380,1,1.18421,0.921053,1.037647635449692,0.006413745768789122,0,0
1588,1,0,0,0,0,1,1.056069321983896,-8.358487633995667,380,1,1.10526,1.03947,1.009150848696617,0.002583337476260013,0,0
1589,1,0,0,0,0,1,1.090314429826468,-18.21039510549528,380,1,1.18421,0.921053,1.040932297987133,0.0004186122072265505,0,0
1590,1,0,0,0,0,1,1.074551509311526,-11.95988038633827,380,1,1.2,0.8,1.020538726885764,0.002262939026401898,0,0
1591,1,0,0,0,0,1,1.078452389265713,-16.58637282429915,380,1,1.31579,0.8,1.044609674522141,-0.0005405583845637689,0,0
1592,1,0,0,0,0,1,1.071503194207858,-19.97750678899558,380,1,1.18421,0.921053,1.04168836561015,0.007277186011127468,0,0
1593,1,0,0,0,0,1,1.08130425125441,-7.504132076029012,380,1,1.2,0.8,0.9983356905204331,-0.0006022181150999804,0,0
1594,1,4.8,-0.7,0,0,1,1.067547805109911,-19.88674565924618,225,1,1.24444,0.888889,1.04882425038246,0.007243660974746309,0,0
1595,1,0,0,0,0,1,1.072628873149704,-10.67777955209679,380,1,1.2,0.8,1.019880264116852,0.001387245057200352,0,0
1596,1,0,0,0,0,1,1.079668682899572,-12.93964742334628,380,1,1.2,0.8,1.026483376481903,-0.001230706448370056,0,0
1597,1,0,0,0,0,1,1.086827069574715,-20.73334074260016,380,1,1.18421,0.921053,1.043461531600156,0.005553557842519261,0,0
1598,1,0,0,0,0,1,1.089425447437599,-18.26565818308002,380,1,1.18421,0.921053,1.04148621666703,-0.0007556085307414659,0,0
1599,1,0,0,0,0,1,1.089710740312438,-5.088404537328793,380,1,1.10526,1.02519,1.003712277340222,-0.000394862842859628,0,0
1600,1,0,0,0,0,1,1.070347505341893,-11.99192485079466,380,1,1.10526,1.02632,1.021580963487104,0.004828637054772805,0,0
1601,1,0,0,0,0,1,1.047202403210478,-10.65777536643305,380,1,1.10526,1.03947,1.018544872311683,-0.001765339824040107,0,0
1602,1,0,0,0,0,1,1.083710405181434,-20.92646413604961,380,1,1.18421,0.921053,1.042812204895829,0.009021251763655912,0,0
1603,1,0,0,0,0,1,1.080178660175868,-13.97323374725857,380,1,1.18421,0.921053,1.035690708533273,0.001251312642274984,0,0
1604,1,0,0,0,0,1,1.075370670051861,-18.51642699578063,380,1,1.18421,0.921053,1.039201705253237,0.005059994657037885,0,0
1605,1,0,0,0,0,1,1.065692426956757,-15.85545355642865,380,1,1.10526,1.01867,1.033533669724488,0.005978302298648095,0,0
1606,1,0,0,0,0,1,1.054336311555403,-13.98569564282198,380,1,1.10526,1.02632,1.04005588694988,0.009237181328482297,0,0
1607,1,0,0,0,0,1,1.082695828543758,-18.20999530707753,380,1,1.18421,0.921053,1.038360709365741,0.006355162221910725,0,0
1608,1,0,0,0,0,1,1.091126127056526,-19.80852102525154,380,1,1.18421,0.921053,1.041254701213278,-0.0001176394284566908,0,0
1609,1,0,0,0,0,1,1.044595713468508,-21.22279413350946,380,1,1.18421,0.921053,1.047675981663993,0.009888108438764885,0,0
1610,1,0,0,0,0,1,1.070179685613166,-11.74392223703932,380,1,1.10526,1.02632,1.023879379416967,0.004218279612686831,0,0
1611,1,0,0,0,0,1,1.074947551977449,-17.50208486052183,380,1,1.18421,0.921053,1.031737174125189,0.005494433797087282,0,0
1612,1,0,0,0,0,1,1.078760698602163,-19.69475033420781,380,1,1.18421,0.921053,1.04524199513438,0.004278152976570192,0,0
1613,1,0,0,0,0,1,1.08204962164404,-20.66944392525998,380,1,1.18421,0.921053,1.043574400248086,0.008895940252845755,0,0
1614,1,0,0,0,0,1,1.072760355415779,-25.43582477743278,380,1,1.10263,1.04211,1.069029464326693,0.004421027359489402,0,0
1615,1,0,0,0,0,1,1.076223843599147,-19.46386682000057,380,1,1.18421,0.921053,1.039277994425504,0.00647598203748461,0,0
1616,1,0,0,0,0,1,1.091183165164392,-19.87373830017995,380,1,1.18421,0.921053,1.041372747607028,-0.0001582818389826288,0,0
1617,1,0,0,0,0,1,1.08001370904233,-17.89490407615108,380,1,1.18421,0.921053,1.038559463523274,0.006349882396524727,0,0
1618,1,0,0,0,0,1,1.068477141190436,-12.17190247833731,380,1,1.10526,1.02632,1.023817166797087,0.004136818739818636,0,0
1619,1,0,0,0,0,1,1.074728721057947,-17.49954862592615,380,1,1.18421,0.921053,1.032164996419472,0.005508006635577522,0,0
1620,1,0,0,0,0,1,1.08760162540834,-21.2768708885109,380,1,1.18421,0.921053,1.044078688213375,0.005581031956758956,0,0
1621,1,0,0,0,0,1,1.088586753405565,-17.56172450938089,380,1,1.18421,0.921053,1.040903902242616,-0.0001040996235623685,0,0
1622,1,0,0,0,0,1,1.081252713662846,-20.37107595791895,380,1,1.18421,0.921053,1.043709094267454,0.008806412027237301,0,0
1624,1,0,0,0,0,1,1.073275980325309,-25.1730442581521,380,1,1.10263,1.04211,1.068240199101672,0.004386645529712361,0,0
1625,1,0,0,0,0,1,1.08372674512145,-9.320370912467384,380,1,1.10526,1.02632,1.010796395053352,-0.001995507240278818,0,0
1626,1,0,0,0,0,1,1.088655739095168,-21.86751066115943,380,1,1.18421,0.921053,1.04455972245006,0.005619715648637186,0,0
1627,1,0,0,0,0,1,1.084976998200698,-17.9348142865627,380,1,1.18421,0.921053,1.041086514906355,0.004111813579664024,0,0
1628,2,1.4,0.9,0,0,1,1.027366612464376,5.254648498899566,20,1,1.05,0.95,1.001935345943012,2.639422022830588e-06,0,0
1629,2,-0.5,-0.3,0,0,1,1.029716212682626,5.590790160391571,20,1,1.05,0.95,1.00192491647387,4.140814669282187e-11,0,0
1842,2,0,0,0,0,1,1.03196288542887,-4.65438818783915,10,1,1.1,0.9,1.017811751325108,-8.92645849604057e-11,0,0
1843,2,0,0,0,0,1,1.031388710537164,-4.650658797807062,10,1,1.1,0.9,1.017811751324824,-8.680520790685072e-11,0,0
1844,2,0,0,0,0,1,1.03949695873509,-3.545005677232746,10,1,1.13096,0.884557,1.017811751320306,-4.501155291065998e-11,0,0
1630,2,0,0,0,0,1,1.022811053630785,0.8125551153954218,11,1,1.05,0.927525,1.009496651653867,6.072501446842831e-10,0,0
1631,2,0,0,0,0,1,1.009784517008585,-0.001856642224996111,11,1,1.05,0.929914,1.009496651668314,6.560589822267487e-10,0,0
1845,2,0,0,0,0,1,1.027822466226935,-2.736416039509651,10,1,1.1,0.9,0.9991494301422682,-3.171957481985088e-11,0,0
1846,2,0,0,0,0,1,1.083365577772651,-1.318333630376796,4,1,1.1,0.9,1.01096513736424,4.122741442265966e-10,0,0
1632,2,0,0,0,0,1,1.083365577809701,-1.318333630575084,4,1,1.1,0.9,1.01096513736424,4.122741565069187e-10,0,0
1847,2,0,0,0,0,1,1.083203702383655,-1.316921239568712,4,1,1.1,0.9,1.01094390937698,4.394211536483378e-10,0,0
1848,2,0,0,0,0,1,1.083203702413283,-1.316921239727329,4,1,1.1,0.9,1.01094390937698,4.394211621396331e-10,0,0
1849,2,0,0,0,0,1,1.062387681794985,1.002714570980369,10,1,1.1,0.9,1.004405211486968,4.757105543400233e-11,0,0
1850,2,0,0,0,0,1,1.058666566568136,1.024411438021147,10,1,1.1,0.9,1.00440521148588,5.703009482982591e-11,0,0
1851,2,0,0,0,0,1,1.09223641578584,1.988681371191276,10,1,1.1,0.9,1.010976190702297,3.495210683171772e-10,0,0
1852,2,0,0,0,0,1,1.091316852309455,1.994627989123143,10,1,1.1,0.9,1.010976190695015,4.074490120992046e-10,0,0
1853,2,0,0,0,0,1,1.095315162061586,1.355775884553273,10,1,1.1,0.9,1.010512317212289,0.001230488017121113,0,0
1854,2,0,0,0,0,1,1.096896815535912,1.345567494485354,10,1,1.1,0.9,1.01051320909937,0.001227076851679034,0,0
1633,2,37,16,0,0,1,1.03278884287192,2.56825694540264,24,1,1.05271,0.95,1.012606281942048,3.985647084709785e-12,0,0
1634,2,37,16,0,0,1,1.033752710548857,2.79746010641774,24,1,1.05105,0.95,1.012712620599709,4.195010839071525e-12,0,0
1635,2,37,16,0,0,1,1.033219732785829,2.790086891405742,24,1,1.05106,0.95,1.012598749396605,3.99648926039228e-12,0,0
1636,2,37,16,0,0,1,1.032772626708566,2.570061665330655,24,1,1.05,0.95,1.01260676791846,3.993261119216288e-12,0,0
1637,2,5.8,4,0,0,1,1.017727152528542,-0.7905970581175059,20,1,1.05,0.95,0.9998978620579865,-6.251203990794626e-12,0,0
1638,2,14,11,0,0,1,1.023689276762104,1.15536338002296,20,1,1.05,0.95,1.000000000207737,4.88294961870457e-12,0,0
1639,2,7.4,5.8,0,0,1,1.049999998288304,2.003006975906704,20,1,1.05,0.95,1.004923981145382,2.698172293949408e-11,1.78296729277288,0
1640,2,14,10.5,0,0,1,1.049999998665625,1.633220554414049,17,1,1.05,0.95,1.004928883437488,2.488663690021543e-12,2.287297143471239,0
1641,2,0,0,0,0,1,1.057469997477888,1.631560170930944,15,1,1.05747,0.95,1.004928905433745,2.148154442294831e-11,1.210091555948978,0
1642,2,0,0,0,0,1,1.013373598897123,-4.672369249211697,10,1,1.1,0.9,0.9999999992497055,-1.536420144246909e-10,0,0
1643,2,0,0,0,0,1,1.021664835268839,-4.533149494462504,10,1,1.1,0.9,0.999999999250644,-1.62485490750236e-10,0,0
1855,2,0,0,0,0,1,1.013095315342517,-4.671996546721186,10,1,1.1,0.9,0.9999999992497024,-1.534392340920086e-10,0,0
1644,2,0,0,0,0,1,1.021732985359822,-4.533249007632144,10,1,1.1,0.9,0.999999999250645,-1.625482026589552e-10,0,0
1645,2,0,0,0,0,1,1.021323927043339,-4.532651519414519,10,1,1.1,0.9,0.9999999992506383,-1.621726792154484e-10,0,0
1646,2,13,7,0,0,1,1.050719999490456,-5.532353696662503,20,1,1.05072,0.95,1.019657975281719,1.247393357948419e-10,5.990625994940405,0
1647,2,0,0,0,0,1,1.099999997982542,-4.337431903091476,5,1,1.1,0.9,1.025696801304766,5.874194880357109e-11,1.51350884134873,0
1856,2,0,0,0,0,1,1.023520507391892,-0.1956968938282987,10,1,1.1,0.9,1.000000000088275,-2.364197494057058e-11,0,0
1857,2,0,0,0,0,1,0.9969844165849391,-3.430683722755258,12,1,1.1,0.89412,1.000000000085454,-6.740664774163143e-12,0,0
1858,2,0,0,0,0,1,0.9966013235284716,-3.442658572550628,12,1,1.1,0.883633,1.000000000085744,-1.133857546643395e-11,0,0
1859,2,0,0,0,0,1,1.000733387107254,-3.458860269637194,12,1,1.1,0.9,1.000000000085506,-7.661858981396322e-12,0,0
2070,2,0,0,0,0,1,0.9974236177843611,-3.44838570787791,12,1,1.1,0.9,1.000000000085277,-4.01297815970546e-12,0,0
1860,2,0,0,0,0,1,1.061083349796564,-4.576646092127588,10,1,1.1,0.9,0.9993843947427002,-1.176667341721895e-11,0,0
1861,2,0,0,0,0,1,1.060802875309032,-4.148335483463256,10,1,1.1,0.9,0.9993843947434065,-8.434341005623605e-11,0,0
1648,2,31,13,0,0,1,1.009253904214543,3.943907167701553,24,1,1.05,0.9316680000000001,1.005255962218137,-1.481608647308766e-12,0,0
1649,2,31,13,0,0,1,1.00249085052612,4.145363278291222,24,1,1.05,0.929079,1.005122858614908,-4.436191504260494e-12,0,0
1650,2,38,16,0,0,1,1.009699472786562,3.813289460627102,24,1,1.05,0.925079,1.005260470079422,-1.565701014576028e-12,0,0
1651,2,38,16,0,0,1,1.002660024743746,3.950121819690073,24,1,1.05,0.939206,1.005129267983453,-4.088045714995684e-12,0,0
1652,2,0,0,0,0,1,1.006768285193548,5.264055353861226,20,1,1.05,0.945179,1.005035004794687,-5.581206706897313e-12,0,0
1862,2,0,0,0,0,1,1.006773127780697,5.246301156132469,20,1,1.05,0.94762,1.005035180762519,-5.582923042388915e-12,0,0
1653,2,0,0,0,0,1,1.07532177058153,-3.96370237724523,4,1,1.1,0.9,1.006037547127893,0.001345257076967455,0,0
1654,2,0,0,0,0,1,1.075561943486904,-3.964485373203686,4,1,1.1,0.9,1.006037620926872,0.001344658246981446,0,0
1655,2,0,0,0,0,1,1.075561943486904,-3.964485373203686,4,1,1.1,0.9,1.006037620926872,0.001344658246981446,0,0
1656,2,0,0,0,0,1,1.075371274542307,-3.963771444664738,4,1,1.1,0.9,1.006037236591965,0.001347616257747888,0,0
1657,2,0,0,0,0,1,1.075371274542307,-3.963771444664738,4,1,1.1,0.9,1.006037236591965,0.001347616257747888,0,0
1658,2,0,0,0,0,1,1.075371274542307,-3.963771444664738,4,1,1.1,0.9,1.006037236591965,0.001347616257747888,0,0
1863,2,0,0,0,0,1,1.033383718933446,-2.908392874668881,10,1,1.1,0.9,0.9999999998846224,1.275126359640001e-11,0,0
1659,2,0,0,0,0,1,1.03338373158365,-2.908392361951721,10,1,1.1,0.9,0.9999999998846224,1.275126679912304e-11,0,0
1660,2,0,0,0,0,1,1.035404579836323,-2.913142503623811,10,1,1.1,0.9,0.9999999998849636,6.98292797687397e-12,0,0
1661,2,0,0,0,0,1,1.034584230022138,-2.911215596566395,10,1,1.1,0.9,0.9999999998848239,9.347301204122185e-12,0,0
1662,2,0,0,0,0,1,1.03201480195393,-1.88273610011275,10,1,1.1,0.9,1.000000000042482,1.611610190996067e-11,0,0
1663,2,0,0,0,0,1,1.032836146309974,-1.885062144899149,10,1,1.1,0.9,1.000000000042656,1.385539343444907e-11,0,0
1864,2,0,0,0,0,1,0.939410560092764,-1.838661802524674,5,1,1.1,0.9,1.012383637984745,-0.0001325557082212223,0,0
1865,2,0,0,0,0,1,0.9484397189534091,-1.892085123763523,5,1,1.1,0.9,1.01238314254045,-0.0001298782913048757,0,0
1866,2,0,0,0,0,1,1.055475821189184,-1.045552409468276,10,1,1.1,0.9,1.002820045570163,3.668842353986762e-10,0,0
1664,2,0,0,0,0,1,1.05547582437721,-1.045552426120993,10,1,1.1,0.9,1.002820045570163,3.668842298161406e-10,0,0
1665,2,0,0,0,0,1,1.055883784762751,-1.047682583364199,10,1,1.1,0.9,1.002820045570425,3.645062464826443e-10,0,0
1867,2,0,0,0,0,1,1.055883780761578,-1.047682562480218,10,1,1.1,0.9,1.002820045570425,3.645062360349144e-10,0,0
1666,2,0,0,0,0,1,1.053190244067501,-0.8586459620975301,10,1,1.1,0.9,1.001466569502531,2.943988496451082e-10,0,0
1868,2,0,0,0,0,1,1.05281683607167,-0.8566876477820317,10,1,1.1,0.9,1.001466569502317,2.963480292598305e-10,0,0
1667,2,0,0,0,0,1,1.016655683406433,0.2727021775883053,20,1,1.05,0.942976,0.9997617778218018,-9.06798529024163e-12,0,0
1869,2,0,0,0,0,1,1.019660316785284,1.122914212205357,20,1,1.05,0.95,0.9993260967047215,-8.459294573049366e-13,0,0
1668,2,0,0,0,0,1,1.022968812399314,0.9468042955777164,20,1,1.05,0.940042,0.9999999999825433,-5.627962343366668e-12,0,0
1669,2,0,0,0,0,1,1.02254231092881,0.6370436074833733,20,1,1.05,0.93655,0.9999999999661309,-5.558474987002103e-12,0,0
1870,2,0,0,0,0,1,1.062090064445283,-1.341314207986059,15,1,1.1,0.898937,1.004113412830096,0.0004740392841798182,0,0
1871,2,0,0,0,0,1,1.041182957679626,-7.099178842506721,15,1,1.10884,0.9,0.9999999956021155,-9.439618756235007e-05,0,0
1872,2,0,0,0,0,1,0.9978174332815642,-7.099178842506721,15,1,1.1,0.9,0.9999999956021155,-9.439615567375862e-05,0,0
1670,2,1.4,0,0,0,1,0.9409519258759039,-25.99076702872016,20,1,1.10244,0.916399,1.084389771835526,-0.005414227512167251,0,0
1873,2,0,0,0,0,1,1.057573173749057,2.983994422448801,15,1,1.1,0.9,1.00718862206041,0.0001219315800919711,0,0
1874,2,0,0,0,0,1,1.058108327729169,2.980471893211907,15,1,1.1,0.9,1.007188652503875,0.0001218102847042254,0,0
1671,2,43,18.6,0,0,1,1.031690127658583,-5.715428805280444,24,1,1.05,0.95,1.039056385117489,8.410822659294146e-12,0,0
1673,2,43,18,0,0,1,1.010129087090278,-5.536690017189557,24,1,1.05,0.95,1.03896094972534,-3.638510957137682e-12,0,0
1674,2,43,18,0,0,1,1.010114494386539,-5.543846000598227,24,1,1.05,0.949137,1.038961071717978,-4.5659889271667e-12,0,0
1675,2,0,0,0,0,1,1.030334654255142,4.522225761895805,20,1,1.05544,0.943829,1.000000000000999,-2.910595836092623e-12,0,0
1676,2,0,0,0,0,1,1.030647550182704,4.154418452144272,20,1,1.06044,0.95,1.000000000000343,-2.856095999171164e-12,0,0
1875,2,0,0,0,0,1,0.9781130487821786,6.468466069213672,20,1,1.05,0.95,1.005544921575428,-4.750855738565561e-12,0,0
1677,2,0,0,0,0,1,0.987831773092135,6.410092570099655,20,1,1.05,0.95,1.005360093917817,-2.440484776453661e-13,0,0
1877,2,0,0,0,0,1,1.099999993308014,0.7657364479422374,15,1,1.1,0.9,1.007751778161672,7.124914332667512e-11,0.4561255589647579,0
1878,2,0,0,0,0,1,1.099999993308014,0.7657364479422373,15,1,1.1,0.9,1.007751778161672,7.124914332667504e-11,0.4561255589647406,0
1678,2,3.5,2.2,0,0,1,0.9964334341633966,-2.718891364269818,15,1,1.05,0.95,1.007631334200954,-1.001607001919796e-11,0,0
1679,2,3.5,2.2,0,0,1,0.9963942253902743,-2.718753927303834,15,1,1.05,0.95,1.00763133420095,-9.902784515492528e-12,0,0
1680,2,5.2,2.8,0,0,1,1.049999951166082,-12.52632258565223,14,1,1.05,0.95,1.04832039956575,-7.753146226181813e-12,0.06262143092055772,0
1681,2,2.5,1.5,0,0,1,1.010024405949545,-14.51500902042929,20,1,1.05,0.95,1.06288315843368,1.378549992685159e-11,0,0
1682,2,30,14,0,0,1,1.006950028612646,-15.47626792304009,20,1,1.05,0.9104370000000001,1.062781719126889,2.155584979981019e-12,0,0
1683,2,30,14,0,0,1,1.007420936137385,-15.7582477652494,20,1,1.05,0.910046,1.062991551684864,5.883961865543035e-12,0,0
1684,2,2,1.3,0,0,1,1.033853228902657,-12.14106386684191,20,1,1.05,0.95,1.060179336394978,8.624567782977183e-11,0,0
1880,2,0,0,0,0,1,1.042513278824063,-1.058684712240338,10,1,1.1,0.9,1.000000000101825,4.02992371584906e-11,0,0
2045,2,0,0,0,0,1,1.038866663217291,-6.935233548881906,15,1,1.1,0.9,1.000064605489682,-0.0003541965777185732,0,0
2081,2,0,0,0,0,1,1.038866663217291,-6.935233548881906,15,1,1.1,0.9,1.000064605489682,-0.0003541965777185732,0,0
1881,2,0,0,0,0,1,1.033113872197388,-0.6201095033650192,10,1,1.1,0.9,1.000000000232881,2.137018393751824e-09,0,0
1882,2,0,0,0,0,1,1.032209318174809,-0.6185945761758697,10,1,1.1,0.9,1.000000000232173,2.14246649954629e-09,0,0
1685,2,0,0,0,0,1,1.033587925950262,-0.620909088833566,10,1,1.1,0.9,1.000000000233252,2.134156440571661e-09,0,0
1883,2,0,0,0,0,1,1.033587917621254,-0.620905841466956,10,1,1.1,0.9,1.000000000233252,2.134156435717496e-09,0,0
1884,2,0,0,0,0,1,1.033587902006667,-0.6209029265747085,10,1,1.1,0.9,1.000000000233252,2.1341564567233e-09,0,0
1885,2,0,0,0,0,1,1.033113874312991,-0.6201103400378162,10,1,1.1,0.9,1.000000000232881,2.137018400008068e-09,0,0
1686,2,40,18,0,0,1,0.9983053171431028,0.679430629640025,24,1,1.05,0.95,0.9993696234966756,-3.285984134642542e-11,0,0
1687,2,40,18,0,0,1,0.9983067242539589,0.6787366692367183,24,1,1.05,0.95,0.9993696234967598,-3.415492762515605e-11,0,0
1688,2,40,18,0,0,1,0.9983184492131861,0.6732685097522916,24,1,1.05,0.95,0.9993696234967629,-3.412499403577684e-11,0,0
1689,2,40,18,0,0,1,0.9983184483421833,0.6732685114299668,24,1,1.05,0.95,0.999369623496142,-3.012939135491448e-11,0,0
1886,2,0,0,0,0,1,1.028712259766467,-3.630145904256457,10,1,1.1,0.9,0.9999999994787203,6.587647837158182e-12,0,0
1887,2,0,0,0,0,1,1.025913065683169,-3.625824236290748,10,1,1.1,0.9,0.9999999994786074,1.043387471683121e-11,0,0
1888,2,0,0,0,0,1,1.028893873303433,-3.630410824109025,10,1,1.1,0.9,0.9999999994787281,6.333043876947116e-12,0,0
1690,2,11.7,8.800000000000001,0,0,1,0.9982606674963275,1.346544047511152,21,1,1.05,0.921757,0.999999999966258,1.957594392486111e-12,0,0
1691,2,0,0,0,0,1,1.023749272826173,3.882251661466414,15,1,1.05,0.95,1.006895024586756,-1.114096574116407e-10,0,0
1692,2,11.1,8.300000000000001,0,0,1,1.072639995408263,0.1157412734619318,19,1,1.07264,0.95,0.9999999999920592,8.08850117783015e-12,0.6612868009123665,0
1693,2,0.8,0.8,0,0,1,1.008155524935549,0.3888642972011698,15,1,1.05,0.95,0.9999999999383836,-3.972398957474455e-12,0,0
1694,2,0.3,0.3,0,0,1,1.008530197704699,0.4561592628645706,15,1,1.05,0.95,0.9999999999403962,-1.300848084548749e-11,0,0
1695,2,11.7,7,0,0,1,1.01205464397657,-2.508542165387221,18,1,1.05,0.95,0.9999999999399583,-1.10805101466112e-11,0,0
1696,2,-0.1,-0,0,0,1,1.012253501557309,-2.465467615022816,18,1,1.05,0.95,0.9999999999388791,-3.296560944823012e-12,0,0
1697,2,40,17,0,0,1,1.01889203552316,0.9195940876486257,24,1,1.05,0.95,1.014854132949418,-4.527535800045759e-12,0,0
1698,2,40,17,0,0,1,1.018892035523152,0.9195940876486732,24,1,1.05,0.95,1.014854132949418,-4.527535800085609e-12,0,0
1699,2,40,17,0,0,1,1.018994726489061,0.9700601449954687,24,1,1.05,0.95,1.014850851308426,-4.530507130525423e-12,0,0
1700,2,40,17,0,0,1,1.019217438602294,1.078166671206271,24,1,1.05,0.95,1.014843819327754,-4.536351834411431e-12,0,0
1701,2,0,0,0,0,1,1.064183064335574,-2.16848351955195,11,1,1.1,0.9,1.000000000531717,1.77820240310225e-09,0,0
1702,2,0,0,0,0,1,1.043857429214147,-4.966353399898559,10,1,1.1,0.9,1.020236837909261,0.006331163503032475,0,0
1703,2,0,0,0,0,1,1.044154171221087,-4.968028553159374,10,1,1.1,0.9,1.020237587736825,0.006327654379603387,0,0
1889,2,0,0,0,0,1,1.043906897568225,-4.966632722691507,10,1,1.1,0.9,1.020236962967063,0.006330578244117405,0,0
1704,2,0,0,0,0,1,1.039383786984454,1.851027898011877,20,1,1.05,0.95,1.018962222256686,9.802020838133338e-12,0,0
1705,2,0,0,0,0,1,1.041117597200323,1.853332646304548,20,1,1.05,0.95,1.018768878506643,1.442580314399845e-11,0,0
1890,2,0,0,0,0,1,1.011826688786515,-2.751985317293443,3,1,1.1,0.9,1.018624318755187,0.01207767290782636,0,0
1891,2,0,0,0,0,1,1.012475340050319,-2.756505259585692,3,1,1.1,0.9,1.01862818676556,0.0120621540359284,0,0
1892,2,0,0,0,0,1,1.010076190308127,-2.739758273521419,3,1,1.1,0.9,1.01861383023506,0.01211975397539479,0,0
1706,2,0,0,0,0,1,1.011527031853628,-2.749895270619228,3,1,1.1,0.9,1.01862252847863,0.012084855689217,0,0
1893,2,0,0,0,0,1,1.052882124326618,-4.741537694172838,15,1,1.1,0.9,1.021796084843091,0.003180310585786954,0,0
1894,2,0,0,0,0,1,1.037823158179273,-4.377933007033442,15,1,1.1,0.9,1.018132557858805,0.00343481102956788,0,0
1895,2,0,0,0,0,1,1.076429722955358,-4.754863722380096,15,1,1.1,0.9,1.018197466107372,0.003197064256815988,0,0
1896,2,0,0,0,0,1,1.085858668061555,-4.086315001596293,15,1,1.1,0.9,1.018122989690997,0.003144705161966061,0,0
1897,2,0,0,0,0,1,1.058689218486462,-3.659785878213027,15,1,1.1,0.9,1.021673521477986,0.003150898688576661,0,0
1707,2,0,0,0,0,1,1.059286624792728,-2.00323836016774,3,1,1.1,0.9,1.010611827149027,0.005174334434028519,0,0
1898,2,0,0,0,0,1,1.06003355330619,-2.007571926486059,3,1,1.1,0.9,1.010613412264299,0.005167185402099634,0,0
1899,2,0,0,0,0,1,1.060384694577095,-2.009607073328837,3,1,1.1,0.9,1.010614155932682,0.005163831381684736,0,0
1708,2,0,0,0,0,1,1.021997990848466,-1.778795359857117,3,1,1.1,0.9,1.010526690358152,0.005558310241168446,0,0
1709,2,0,0,0,0,1,1.059989644715478,-2.007317345405889,3,1,1.1,0.9,1.010613319203902,0.00516760511400069,0,0
1710,2,0,0,0,0,1,1.071444489062076,-0.6344670483677565,4,1,1.1,0.9,1.003662812624618,0.0001041467001798266,0,0
1711,2,0,0,0,0,1,1.071733913117699,-0.6360995101501327,4,1,1.1,0.9,1.003662824635667,0.0001040915962337672,0,0
1712,2,0,0,0,0,1,1.034828287990545,3.615316761820492,20,1,1.05,0.95,1.008343416013299,1.317604063245868e-12,0,0
1713,2,0,0,0,0,1,1.037486076872076,3.586593573354569,20,1,1.05397,0.95,1.008386409329068,2.057980127816349e-12,0,0
1900,2,0,0,0,0,1,1.017289526219482,-6.936270311955361,10,1,1.1,0.9,1.00006459200411,-0.0003903887766160163,0,0
2017,2,0,0,0,0,1,1.017289526219482,-6.936270311955361,10,1,1.1,0.9,1.00006459200411,-0.0003903887766160163,0,0
1714,2,10.4,7.8,0,0,1,1.025926662101618,5.602916510771395,21,1,1.07932,0.95,1.002967242473455,-5.53551027821738e-12,0,0
1901,2,0,0,0,0,1,1.042727816692001,-1.451786676649025,10,1,1.1,0.9,1.003427062932869,1.275251885574724e-09,0,0
1902,2,0,0,0,0,1,1.049856627387233,-1.491695150885211,10,1,1.1,0.9,1.00342706293896,1.233881759081965e-09,0,0
1715,2,37,15,0,0,1,1.039096685777894,2.944173942105238,24,1,1.05,0.95,1.000000000013724,3.737543112410356e-12,0,0
1716,2,37,15,0,0,1,1.035660869792502,2.440054719865276,24,1,1.05,0.95,1.000000000006042,1.17648924566777e-12,0,0
1717,2,37,15,0,0,1,1.03916107811255,2.942546016419901,24,1,1.05603,0.93116,1.000000000013726,3.456601918356827e-12,0,0
1718,2,37,15,0,0,1,1.035660869791876,2.44005471803687,24,1,1.05,0.947519,1.000000000006477,1.154465899702673e-12,0,0
1719,2,37,15,0,0,1,1.039069169381312,2.944964938493478,24,1,1.05,0.95,1.000000000013723,3.40183754572734e-12,0,0
1720,2,24.4,8.9,0,0,1,1.03545461453601,2.445701549260066,24,1,1.05,0.95,1.000000000005643,2.224928509008115e-12,0,0
1721,2,5.7,0,0,0,1,1.0415407174898,-6.554996870321097,20,1,1.05,0.95,1.020559577676596,0.002870830856987952,0,0
1903,2,0,0,0,0,1,1.034358293039534,1.869185787947153,15,1,1.1,0.9,0.9999999999420832,1.433617099146728e-11,0,0
1904,2,0,0,0,0,1,1.0343892379734,1.852111139284824,15,1,1.1,0.9,0.999999999942098,1.43131478543803e-11,0,0
1905,2,0,0,0,0,1,1.034405136885243,1.852195765247632,15,1,1.1,0.9,0.9999999999420988,1.430238188786751e-11,0,0
1906,2,0,0,0,0,1,1.032537479471124,2.130592609906672,15,1,1.1,0.9,0.9999999999417979,1.56092882644852e-11,0,0
1907,2,0,0,0,0,1,1.032530096083483,2.130609786049411,15,1,1.1,0.9,0.9999999999417974,1.561416598390769e-11,0,0
1908,2,0,0,0,0,1,1.032472284454324,2.130745029534174,15,1,1.1,0.9,0.9999999999417952,1.565479385866926e-11,0,0
1909,2,0,0,0,0,1,1.032453881163717,2.130788120710308,15,1,1.1,0.9,0.9999999999417943,1.566692624346549e-11,0,0
1910,2,0,0,0,0,1,1.032522722815653,2.130626980802717,15,1,1.1,0.9,0.9999999999417972,1.561903010873703e-11,0,0
1911,2,0,0,0,0,1,1.032530134154047,2.130609678447112,15,1,1.1,0.9,0.9999999999417974,1.561398256426487e-11,0,0
1912,2,0,0,0,0,1,1.032312174864758,2.131120898260708,15,1,1.1,0.9,0.9999999999417889,1.576561479214815e-11,0,0
1913,2,0,0,0,0,1,1.032306713028432,2.131133736389901,15,1,1.1,0.9,0.9999999999417888,1.576916839165846e-11,0,0
1914,2,0,0,0,0,1,1.034189806267877,1.865625802805417,15,1,1.1,0.9,0.9999999999420781,1.445293601755401e-11,0,0
1722,2,14.1,11.2,0,0,1,1.007843807357635,-14.8230653609075,18,1,1.05,0.95,1.061835740426607,-2.709083611432383e-12,0,0
1723,2,-3.3,-2,0,0,1,1.004951127861011,1.169856278203425,20,1,1.06101,0.95,1.005702448448684,-1.437372343219611e-11,0,0
1724,2,23.9,14.1,0,0,1,0.9956896106412734,1.026049224326184,20,1,1.05,0.95,1.005604219817402,3.366562909564432e-12,0,0
1725,2,23.9,10.9,0,0,1,1.029768500962756,0.608663369983506,20,1,1.05,0.95,1.010467995102763,0.002050341817849423,0,0
1915,2,0,0,0,0,1,1.083006193624013,0.7880122303025247,10,1,1.1,0.9,1.004432243471947,0.0003147178758712335,0,0
1916,2,0,0,0,0,1,1.082445960244703,0.7910922517809988,10,1,1.1,0.9,1.00443217493123,0.0003150350107000884,0,0
1917,2,0,0,0,0,1,1.019356622767096,-4.768594643981561,10,1,1.1,0.9,1.016691601880777,1.298230799911202e-11,0,0
1918,2,0,0,0,0,1,1.023358854431434,-4.793934575450554,10,1,1.1,0.9,1.016691601881997,2.440272237836185e-12,0,0
1919,2,0,0,0,0,1,1.099999997684535,-8.314111036997829,8,1,1.1,0.9,1.024653047564977,1.688990994443265e-09,1.318344689210072,0
1920,2,0,0,0,0,1,1.099999997686098,-7.710066077767877,8,1,1.1,0.9,1.024612597167818,2.298495805113929e-09,1.319152845177392,0
1921,2,0,0,0,0,1,1.099999997685921,-7.710066077767311,8,1,1.1,0.9,1.024612597214122,1.566019933392271e-09,1.319153122233404,0
1922,2,0,0,0,0,1,1.099999997685992,-7.71006607776754,8,1,1.1,0.9,1.024612597196334,1.847418481112301e-09,1.319153015795534,0
1923,2,0,0,0,0,1,1.106109997450287,-7.361500039528975,8,1,1.10611,0.9,1.024589316565517,1.785997967856802e-09,1.19721306654511,0
1924,2,0,0,0,0,1,1.10140999745052,-7.345219688152429,8,1,1.10141,0.9,1.024588225016669,8.53823697940014e-10,1.197455503442756,0
1926,2,0,0,0,0,1,1.065947821107072,-1.664660368043031,5,1,1.12678,0.9,1.000107444513175,-2.851858813825079e-10,0,0
1927,2,0,0,0,0,1,1.047818426119532,-6.935517220834495,10,1,1.1,0.9,1.000064601930451,-0.0003640993340570508,0,0
1726,2,0,0,0,0,1,1.044960812717403,-0.6351653936388557,10,1,1.1,0.9,1.003029455751988,4.505176338983163e-05,0,0
1727,2,0,0,0,0,1,1.044400811173473,-0.6320001915923659,10,1,1.1,0.9,1.003029445682881,4.509983159663324e-05,0,0
1728,2,0,0,0,0,1,1.047458820442692,-0.6492430231027196,10,1,1.1,0.9,1.003029500407106,4.483858719935599e-05,0,0
1928,2,0,0,0,0,1,1.044960812717565,-0.6351653936397655,10,1,1.1,0.9,1.003029455751988,4.505176338982906e-05,0,0
1729,2,15.1,0,0,0,1,1.044667195060659,-7.101614534227166,20,1,1.05,0.942775,1.029901683497556,0.001000213362489959,0,0
1929,2,0,0,0,0,1,1.031488359453615,-2.316466159404472,5,1,1.1,0.9,1.007499912819092,0.001068214637376167,0,0
1930,2,0,0,0,0,1,1.031488359453615,-2.316466159404471,5,1,1.1,0.9,1.007499912819092,0.001068214637376158,0,0
1931,2,0,0,0,0,1,1.064133171452359,-0.6415889683258876,10,1,1.1,0.9,1.000242063562505,1.280643845466245e-10,0,0
1932,2,0,0,0,0,1,1.069742888175498,0.9105392310486816,10,1,1.1,0.8929510000000001,1.000242063559419,7.028117356586472e-11,0,0
1933,2,0,0,0,0,1,1.068196106142005,0.2378833134930926,10,1,1.1,0.9,1.000242063559606,1.033447829761867e-10,0,0
1934,2,0,0,0,0,1,1.063116041360685,-0.3538265304820569,10,1,1.1,0.9,1.000242063560517,1.312114354446337e-10,0,0
1935,2,0,0,0,0,1,1.035666173376684,-1.582557242993402,5,1,1.1,0.9,1.009821006603901,1.50276808201423e-10,0,0
1936,2,0,0,0,0,1,1.036065725258483,-1.584690210417946,5,1,1.1,0.9,1.009821006604037,1.490107494173789e-10,0,0
1937,2,0,0,0,0,1,1.036490842765442,-1.586957843297461,5,1,1.1,0.9,1.009821006604184,1.476539382064815e-10,0,0
1938,2,0,0,0,0,1,0.9592585012840206,-1.853535610845839,5,1,1.1,0.9,1.011682960141587,-1.026928391107557e-09,0,0
1939,2,0,0,0,0,1,0.9857702332617,-2.39876043369827,12,1,1.1,0.9,1.000000000027553,-3.445683754798953e-10,0,0
1940,2,0,0,0,0,1,0.9857694498723746,-2.398511735367275,12,1,1.1,0.9,1.000000000027553,-3.445684134460155e-10,0,0
1941,2,0,0,0,0,1,0.9857700051828502,-2.398680474974813,12,1,1.1,0.9,1.000000000027553,-3.445683664172053e-10,0,0
1942,2,0,0,0,0,1,0.9857692813929537,-2.398445254737153,12,1,1.1,0.9,1.000000000027553,-3.445684149813031e-10,0,0
1730,2,14,8,0,0,1,1.018898997378945,1.105444801380761,20,1,1.05,0.95,1.00050252115924,-1.881874268992446e-11,0,0
1731,2,14,8,0,0,1,1.018027557440761,1.117197871855168,20,1,1.05,0.95,1.000422999187164,-1.929612511694516e-11,0,0
1943,2,0,0,0,0,1,0.9484452411044583,-5.394420103047201,5,1,1.1,0.858002,1.016561679358225,-9.331295799700676e-11,0,0
1944,2,0,0,0,0,1,0.9473103945071042,-5.387434295017244,5,1,1.1,0.848081,1.016561679359768,-1.081535540553892e-10,0,0
1945,2,0,0,0,0,1,1.039998944450711,-7.244951399901021,10,1,1.1,0.9,1.000217456415301,-0.0001054702215083893,0,0
1946,2,0,0,0,0,1,1.039997037882462,-7.244929480587111,10,1,1.1,0.9,1.000217456495763,-0.0001047049264386096,0,0
1947,2,0,0,0,0,1,0.9717956476231783,-3.144615945429911,10,1,1.1,0.9,1.000000000019049,-9.929526740488262e-06,0,0
1732,2,8.199999999999999,5.1,0,0,1,0.9951411444016471,-4.865866223949491,20,1,1.05,0.95,0.9999999999838833,-2.866906336625251e-12,0,0
1948,2,0,0,0,0,1,1.076332240004841,-1.479360344528843,5,1,1.1,0.9,1.011344096755739,1.725549041371155e-10,0,0
1949,2,0,0,0,0,1,1.076507429045328,-1.480508666503716,5,1,1.1,0.9,1.011344096756042,1.702043013963399e-10,0,0
1733,2,4.6,2.9,0,0,1,1.045307453568259,-8.35547068428553,15,1,1.05,0.95,1.035156471814008,0.001309841023267386,0,0
1734,2,0.1,0.1,0,0,1,1.046471894664058,-8.233145042100679,15,1,1.05,0.95,1.035141465082307,0.001303324055274477,0,0
1950,2,0,0,0,0,1,0.9949285002687347,0.5304754173818876,18,1,1.1,0.9,0.9999999999887491,-2.096257897715526e-11,0,0
1951,2,0,0,0,0,1,1.00224060765629,0.5609594130738533,18,1,1.1,0.9,0.999999999988924,-2.333185510607513e-11,0,0
1952,2,0,0,0,0,1,0.9984769981101547,0.5590680552953113,18,1,1.1,0.9,0.9999999999888343,-1.452750899109637e-11,0,0
1953,2,0,0,0,0,1,0.9986039243012923,0.5689887809084918,18,1,1.1,0.9,0.9999999999888415,-1.45712915615935e-11,0,0
1954,2,0,0,0,0,1,1.030405275684744,-1.129673208303918,15,1,1.1,0.9,1.002518441093709,-4.950048224030303e-12,0,0
1955,2,0,0,0,0,1,1.030302865635905,-1.1291129215226,15,1,1.1,0.9,1.002518441093697,-4.831005645109118e-12,0,0
1735,2,30,12,0,0,1,1.049999999767198,0.05818812844963078,24,1,1.05,0.948475,1.014234108882818,2.656306072868706e-11,13.11334508656431,0
1736,2,30,12,0,0,1,1.0499999997673,0.0552463555233489,24,1,1.05,0.9479610000000001,1.014234196843377,2.515764338552498e-11,13.11912393258,0
1737,2,0,0,0,0,1,1.058745362707638,-2.778891900827316,10,1,1.1,0.9,1.013587236360084,0.003619617294864357,0,0
1738,2,0,0,0,0,1,1.059067967526055,-2.780732956209895,10,1,1.1,0.9,1.013587708176327,0.003617472376733569,0,0
1739,2,0,0,0,0,1,1.057773562574806,-2.771740536439199,10,1,1.1,0.9,1.01358559602405,0.003626114545203576,0,0
1740,2,17.2,4.3,0,0,1,1.03615721220938,-0.7912670713466656,17,1,1.05038,0.95,1.009155353811415,-1.181015754413236e-12,0,0
1956,2,0,0,0,0,1,1.029107668451651,-1.495896554560097,20,1,1.05,0.95,1.009155353811187,1.022619166986098e-11,0,0
1741,2,-0,0,0,0,1,0.9949853937514291,4.124457370310322,17,1,1.05,0.9318380000000001,1.007681016674669,1.702774801596585e-11,0,0
1742,2,0,0,0,0,1,1.042937126810958,-2.782080111987274,20,1,1.05,0.95,1.027992051903167,6.932434118947643e-12,0,0
1957,2,0,0,0,0,1,0.9743014132500081,-1.277004093270948,10,1,1.1,0.9,1.007758077727977,-2.44065966605842e-10,0,0
1958,2,0,0,0,0,1,0.9805890518844809,-1.310002431204328,10,1,1.1,0.9,1.007758077728008,-2.476056256682409e-10,0,0
1959,2,0,0,0,0,1,0.9808276397106305,-1.311246206151181,10,1,1.1,0.9,1.007758077728008,-2.477274295399645e-10,0,0
1960,2,0,0,0,0,1,0.9848998714932049,-0.1899986234698245,10,1,1.1,0.9,1.000000000059155,-1.462607408802818e-05,0,0
1743,2,0,0,0,0,1,1.090009628689386,-6.302253828333633,10,1,1.10313,0.9,1.02581378069137,0.005323386352030721,0,0
1744,2,0,0,0,0,1,1.040618187790797,7.526758382346377,20,1,1.05,0.95,1.000000001124705,4.060846982578402e-12,0,0
1745,2,0,0,0,0,1,1.041296628569658,7.498490522003268,20,1,1.05268,0.945425,1.00003540644421,4.332860527645566e-12,0,0
1746,2,0,0,0,0,1,1.042344633298483,7.509367079247045,20,1,1.05,0.95,1.000100628258812,5.208879727912063e-12,0,0
1961,2,0,0,0,0,1,1.043859510901505,6.778737691731571,20,1,1.06065,0.95,1.000729445750006,5.393430217928564e-12,0,0
1747,2,0,0,0,0,1,1.099400291150233,2.824553040955528,10,1,1.1,0.9,1.017628238725522,0.005522837713348062,0,0
1748,2,0,0,0,0,1,1.034280631723879,5.488946683007578,20,1,1.05,0.95,1.005356757862373,3.355719092308491e-12,0,0
1749,2,0,0,0,0,1,1.033666275768366,5.485295989339504,20,1,1.05,0.95,1.00535430606043,3.404847460616811e-12,0,0
1750,2,6.6,4.1,0,0,1,1.031406752356308,-4.674428213231066,20,1,1.05,0.95,1.033212562072193,0.00433093828223005,0,0
1751,2,0,0,0,0,1,1.032092781332592,-4.59627536765613,20,1,1.05,0.95,1.033190499242174,0.004323397402690686,0,0
1752,2,-0.4,-0.2,0,0,1,1.001785435315142,-7.926469224575555,20,1,1.05,0.95,0.9999999999854353,-1.894945392464535e-11,0,0
1753,2,0,0,0,0,1,1.039023865314523,-5.26642614783244,20,1,1.05,0.95,1.033297069082226,0.004329383057991651,0,0
1962,2,0,0,0,0,1,1.023063275564283,-0.9374100492204187,10,1,1.12304,0.9,1.0079422179873,-4.354777685425802e-11,0,0
1963,2,0,0,0,0,1,1.02180761947564,-0.9283191619265876,10,1,1.12222,0.9,1.00794221798717,-4.245652981083867e-11,0,0
1964,2,0,0,0,0,1,1.022152081553708,-0.9308152918756574,10,1,1.12226,0.9,1.007942217987228,-4.293005172220875e-11,0,0
2058,2,0,0,0,0,1,1.004212331874804,-1.437413269126441,5,1,1.1,0.9,1.007942217985501,-3.361975048367301e-11,0,0
1965,2,0,0,0,0,1,1.006663134532747,-5.608597293369659,10,1,1.1,0.9,0.9999999997304017,-8.34668422893215e-11,0,0
1966,2,0,0,0,0,1,1.005983107755447,-5.403250581363732,10,1,1.1,0.9,0.9999999997309366,-8.294831432769288e-11,0,0
1754,2,18.5,0,0,0,1,1.042967733552852,-3.249993524809246,20,1,1.05,0.928594,1.021190128170949,1.925732720752073e-10,0,0
1755,2,17.3,0,0,0,1,1.003763230351167,-1.990215792638386,20,1,1.05,0.927212,1.005314591911791,8.19963596413915e-12,0,0
1968,2,0,0,0,0,1,1.063513012990383,-0.6967114952731455,10,1,1.1,0.9,1.000744294861317,1.504442307720182e-10,0,0
1756,2,0,0,0,0,1,1.031878067907356,-5.405559972902994,11,1,1.1,0.9,0.9999999989244313,-4.003107900446798e-05,0,0
1757,2,15.7,12.5,0,0,1,1.078376222017854,-1.137513757333543,20,1,1.07847,0.95,1.016399294234157,0.002978310946295353,0,0
1969,2,0,0,0,0,1,1.075176751137808,-3.135356479347681,5,1,1.1,0.9,1.017085751857393,1.111672208733947e-10,0,0
1758,2,0,0,0,0,1,1.05353740768902,-20.85529797908666,3,1,1.1,0.9,1.094229698258602,0.01058299011516802,0,0
1759,2,0,0,0,0,1,1.053537825935664,-20.85531446425865,3,1,1.1,0.9,1.094229802824294,0.01058255444962638,0,0
1760,2,0,0,0,0,1,1.053488417694657,-20.85403450185424,3,1,1.1,0.9,1.094210117014629,0.01058348556470304,0,0
1970,2,0,0,0,0,1,1.016588182697,-0.3057475576045321,10,1,1.1,0.9,0.9999999998647092,-1.113239767368764e-10,0,0
1971,2,0,0,0,0,1,1.007210708222426,-0.2823893053284874,10,1,1.1,0.9,0.9999999998638982,-9.378159243327057e-11,0,0
1972,2,0,0,0,0,1,1.016588182491263,-0.305747431292741,10,1,1.1,0.9,0.9999999998647094,-1.113239817003209e-10,0,0
1973,2,0,0,0,0,1,1.007210411950142,-0.2822527808699263,10,1,1.1,0.9,0.9999999998638981,-9.378159701509556e-11,0,0
1974,2,0,0,0,0,1,1.036235878014133,3.846088319881997,13,1,1.1,0.9,1.005347697280766,-3.603453864774429e-12,0,0
1975,2,0,0,0,0,1,1.057709435321728,1.979079695970114,13,1,1.10629,0.9,1.005347697280512,-3.306378782875585e-12,0,0
1976,2,0,0,0,0,1,1.036235877916572,3.846088320592298,13,1,1.1,0.9,1.005347697280722,-3.431250537415607e-12,0,0
1977,2,0,0,0,0,1,1.036236215663939,3.847300643290234,13,1,1.1029,0.9,1.005347697280921,-3.417505878344624e-12,0,0
1761,2,0,0,0,0,1,1.036143586988205,-2.207331945228751,10,1,1.1,0.9,1.010369397303311,0.004293831407227821,0,0
1762,2,0,0,0,0,1,1.035953532648236,-2.206241533884794,10,1,1.1,0.9,1.010369066271563,0.004295395441876427,0,0
1978,2,0,0,0,0,1,1.035603211720735,-2.205809950001187,10,1,1.1,0.9,1.010368702549778,0.004298257206089931,0,0
1763,2,0,0,0,0,1,0.9623156653154183,-1.92542139379364,15,1,1.1,0.9,1.000000000385647,-0.0002009273356258843,0,0
1764,2,0,0,0,0,1,0.9623156653162069,-1.925421394025625,15,1,1.1,0.9,1.000000000385651,-0.0002009273356269773,0,0
1765,2,0,0,0,0,1,0.963363322496759,-2.611887638774223,15,1,1.1,0.9,1.000000000307453,-0.0001930059825676967,0,0
1766,2,0,0,0,0,1,0.9639533372589251,-2.608824147553293,15,1,1.1,0.9,1.000000000143906,-0.0001936179738018209,0,0
1767,2,0,0,0,0,1,0.9640881156115061,-3.136388076086877,15,1,1.1,0.9,1.000000000029434,-0.0001848373963285574,0,0
1769,2,0,0,0,0,1,1.077133331128462,-2.510762532075299,4,1,1.1,0.9,1.009743197755193,0.002516374850954739,0,0
1770,2,0,0,0,0,1,1.07771220430902,-2.513585870826086,4,1,1.1,0.9,1.009743697685885,0.002513671636464018,0,0
1979,2,0,0,0,0,1,1.060682073915712,1.355886787537963,5,1,1.1,0.9,1.002664292581158,3.687026153627642e-10,0,0
1980,2,0,0,0,0,1,1.056879931764286,-2.00356180114792,5,1,1.1,0.9,1.011973012631061,1.748984306244721e-10,0,0
1981,2,0,0,0,0,1,1.056484274733011,-2.001547467475308,5,1,1.1,0.9,1.011973012630831,1.771583611812135e-10,0,0
1982,2,0,0,0,0,1,1.048611266832713,-6.935714354480258,15,1,1.1,0.9,1.000064599424579,-0.0003709808269767603,0,0
1983,2,0,0,0,0,1,1.043234109250003,-6.935714354480257,15,1,1.1,0.9,1.000064599424579,-0.0003709808052062446,0,0
1984,2,0,0,0,0,1,1.043234109250003,-6.935714354480257,15,1,1.1,0.9,1.000064599424579,-0.0003709808052093108,0,0
1985,2,0,0,0,0,1,0.9831530586332379,-6.935714354480258,10,1,1.1,0.8861250000000001,1.000064599424579,-0.0003709807054123956,0,0
1986,2,0,0,0,0,1,1.03719553215825,2.299080144948153,10,1,1.1,0.9,1.000000000273502,-1.188174841282157e-11,0,0
1987,2,0,0,0,0,1,1.03719460998268,2.299083122545114,10,1,1.1,0.9,1.000000000273502,-1.188174948270589e-11,0,0
1771,2,0,0,0,0,1,0.9978567639746835,-5.404582363110984,10,1,1.1,0.9,1.000000000095391,-5.904727980774923e-06,0,0
1988,2,0,0,0,0,1,0.9978567639746835,-5.404582363110984,10,1,1.1,0.9,1.000000000095391,-5.904727980774923e-06,0,0
1989,2,0,0,0,0,1,1.040846110488113,-3.063453771676672,10,1,1.1,0.9,0.9999999998084127,-1.29084774982296e-12,0,0
1990,2,0,0,0,0,1,1.040690956761467,-3.063169824521205,10,1,1.1,0.9,0.9999999998084061,-1.102973055990194e-12,0,0
1991,2,0,0,0,0,1,1.040689616189394,-3.062987943696795,10,1,1.1,0.9,0.9999999998084061,-1.10297880276386e-12,0,0
1992,2,0,0,0,0,1,1.040691125194634,-3.063190660562513,10,1,1.1,0.9,0.9999999998084061,-1.102978161774953e-12,0,0
1993,2,0,0,0,0,1,1.052037806858989,-1.289729364459246,15,1,1.1,0.9,1.000000000019883,-3.378853195086088e-11,0,0
1994,2,0,0,0,0,1,1.042664481315044,-1.266430727384843,15,1,1.1,0.9,1.000000000019231,-2.428701228902771e-11,0,0
1772,2,0,0,0,0,1,0.987575314780187,6.568958324766282,20,1,1.05,0.945154,1.000000001536635,-1.030325745759786e-11,0,0
1995,2,0,0,0,0,1,0.9875846264105662,6.568889441406245,20,1,1.05,0.942897,1.000000001537202,-9.759620462166278e-12,0,0
1773,2,0,0,0,0,1,1.045421206307688,0.3645606230698187,20,1,1.05,0.95,1.000000000932773,1.569858814526634e-11,0,0
1774,2,14.5,0,0,0,1,1.023183083440112,-2.019593494341272,20,1,1.05,0.947011,0.9999999999666261,1.033022456470666e-11,0,0
1775,2,9.800000000000001,5.6,0,0,1,1.005672765854315,3.323196289255216,19,1,1.05,0.944322,0.9999999999930251,-5.797202819932584e-11,0,0
1776,2,9.800000000000001,5.6,0,0,1,1.005535960902392,3.280835568317486,19,1,1.05,0.938841,0.9999999999930244,-1.552607971586731e-10,0,0
1996,2,0,0,0,0,1,1.066577112338692,-0.9147343360839234,5,1,1.1,0.9,1.013713846364841,2.417371467283161e-10,0,0
1997,2,0,0,0,0,1,1.067529226728757,-0.9204152099849905,5,1,1.1,0.9,1.013713846365642,2.351245644116981e-10,0,0
1998,2,0,0,0,0,1,1.029805101864173,-2.923002866198862,10,1,1.1,0.9,0.9999999998089387,1.726080388050633e-11,0,0
1999,2,0,0,0,0,1,1.02980501010245,-2.922994311268009,10,1,1.1,0.9,0.9999999998089387,1.726081286624503e-11,0,0
2000,2,0,0,0,0,1,1.052963386652304,-2.646866305369387,10,1,1.1,0.9,1.018692744408311,1.404748413502506e-10,0,0
2018,2,0,0,0,0,1,1.05861855804244,-2.668451229731847,10,1,1.1,0.9,1.018692744414131,9.271481015392847e-11,0,0
1777,2,41,15,0,0,1,1.024402941866906,-2.022595211904775,24,1,1.05,0.943401,1.023966226970331,3.562721769510867e-14,0,0
1778,2,41,15,0,0,1,1.024469733992905,-1.995684539207706,24,1,1.05,0.948359,1.023964800868518,2.750924179058307e-13,0,0
2001,2,0,0,0,0,1,1.049818242982434,-2.077288355310027,5,1,1.1,0.9,1.011630233650441,2.633787192285429e-10,0,0
1779,2,0,0,0,0,1,1.048413192844123,-2.070349155380744,5,1,1.1,0.9,1.01163023364999,2.675374862843302e-10,0,0
2002,2,0,0,0,0,1,1.048413192720113,-2.070349154767462,5,1,1.1,0.9,1.01163023364999,2.675374716288397e-10,0,0
2003,2,0,0,0,0,1,0.9504934263623737,-0.9399552257890844,5,1,1.1,0.9,1.013273958612458,-0.0005950512349637041,0,0
1780,2,0,0,0,0,1,1.114014879423135,-4.346417823838492,3,1,1.1212,0.9,1.017017850710936,0.008248005440805541,0,0
2028,2,0,0,0,0,1,1.114014879423128,-4.346417823838446,3,1,1.12172,0.9,1.017017850701804,0.008248005548902388,0,0
1781,2,0,0,0,0,1,1.11401487942313,-4.346417823838463,3,1,1.12155,0.9,1.017017850704651,0.008248005515204887,0,0
1782,2,0,0,0,0,1,1.113751063873383,-4.345271207192338,3,1,1.12143,0.9,1.017017184882908,0.008251855966035223,0,0
2004,2,0,0,0,0,1,1.056920793834189,3.638547411340554,15,1,1.1,0.9,1.004353778418294,3.108043233402402e-11,0,0
2005,2,0,0,0,0,1,1.056920795946995,3.638547395567328,15,1,1.1,0.9,1.004353778418293,3.108045600838002e-11,0,0
2006,2,0,0,0,0,1,1.061804827426473,3.358438714478433,15,1,1.1,0.9,1.004353778419927,2.282731062955149e-11,0,0
2007,2,0,0,0,0,1,1.014296965548518,-2.282359724433534,10,1,1.1,0.9,0.9999999999353656,-1.532604966412678e-11,0,0
2008,2,0,0,0,0,1,1.007338684442323,-2.264460236782459,10,1,1.1,0.9,0.9999999999351066,-1.022624600279869e-11,0,0
2009,2,0,0,0,0,1,1.014860177240645,-2.283632564886898,10,1,1.1,0.9,0.9999999999353869,-1.574454155165729e-11,0,0
1783,2,35,18,0,0,1,1.004394640495338,3.599269924971433,24,1,1.05,0.95,0.9999999999912942,-7.466200484341754e-12,0,0
1784,2,35,13,0,0,1,1.004645092580518,3.843321438234236,24,1,1.05,0.95,0.9999999999930127,-6.587106197423071e-12,0,0
1785,2,35,13,0,0,1,1.00516342467233,3.723928729863532,24,1,1.05,0.95,0.9999999999929976,-7.443251039809973e-12,0,0
1786,2,35,13,0,0,1,1.003430123604983,2.991087107481357,24,1,1.05,0.95,0.9999999999863975,-9.165791119984003e-12,0,0
1787,2,0,0,0,0,1,1.028333523580103,-11.57521827712655,15,1,1.05,0.95,1.039931435798226,-5.783183221184963e-11,0,0
1788,2,0,0,0,0,1,1.028884504509872,-11.57791848829313,15,1,1.05,0.95,1.039931435798387,-5.969019983853547e-11,0,0
1789,2,0,0,0,0,1,1.049999999599161,-12.34508693956215,15,1,1.05,0.95,1.04124539784232,2.678938454215791e-11,7.616195923130072,0
1790,2,18,10,0,0,1,1.04119830885381,-13.96629807110382,20,1,1.05357,0.941169,1.048168561768401,6.47733916505387e-11,0,0
1791,2,22.1,12.3,0,0,1,1.041078539643438,-14.06738606194161,20,1,1.05,0.938052,1.048172845639911,8.333665381362463e-11,0,0
2010,2,0,0,0,0,1,1.092714542801105,-8.649055603480377,15,1,1.10421,0.9,1.006400057977876,2.184219621143403e-11,0,0
1792,2,0,0,0,0,1,1.021163799703195,-4.468536931136043,10,1,1.1,0.9,1.019824308476743,0.007879266736224229,0,0
2011,2,0,0,0,0,1,1.021163799703195,-4.468536931136045,10,1,1.1,0.9,1.019824308476743,0.007879266736224222,0,0
2012,2,0,0,0,0,1,1.035934364059403,-3.299878288083509,10,1,1.1,0.9,1.018301283880301,0.003460616990808171,0,0
1793,2,0,0,0,0,1,1.101379998778945,-0.08501431094350685,10,1,1.10138,0.9,1.024629051050967,5.290838980850589e-11,2.500324321663191,0
1794,2,0,0,0,0,1,1.101439998776566,-0.7078471971418234,10,1,1.10144,0.9,1.024669651973225,6.224573557142499e-11,2.495458293023408,0
1795,1,-449.7,279.9,0,0,1,1.089290752833016,-3.218251689259655,380,1,1.10526,1,1.003011088378283,0.003064094273474207,0,0
1796,1,-538.2,258.1,0,0,1,1.08930481413682,-3.216167981408971,380,1,1.10526,1,1.00300338182409,0.003062197767090755,0,0
1797,1,-184.6,19.4,0,0,1,1.05980527700929,-6.97266596066097,225,1,1.08889,0.933333,1.015330240285174,0.0092256309623568,0,0
1798,1,93,38.4,0,0,1,1.097636725354545,-4.035822047998428,380,1,1.10526,1,1.006962008029588,0.000733572243446053,0,0
1799,1,-200,147.6,0,0,1,1.052628238517715,-10.82414903661985,225,1,1.09212,1,1.023625944530105,0.009546782329922617,0,0
1800,1,58.8,51.8,0,0,1,1.085380981739659,-8.560834621890006,380,1,1.10526,1.03947,1.024107524553512,0.004211742245586642,0,0
1801,1,89.40000000000001,63.1,0,0,1,1.08267278036543,-5.894384499069246,225,1,1.09068,0.986667,1.006968921879805,0.001245368297582961,0,0
1802,1,74.59999999999999,61.4,0,0,1,1.080234524734966,-6.030452788620802,225,1,1.08787,0.95,1.007646623190598,0.001748150765723518,0,0
1803,1,215.6,-37.2,0,0,1,1.092976158236255,-9.195983280445743,380,1,1.10526,1,1.022073701801664,0.00200681443778857,0,0
1804,1,29.1,-65.5,0,0,1,1.088891681067169,-8.833484616405901,380,1,1.10526,1.01316,1.021330666298756,0.003150101907084618,0,0
1805,1,-177.2,-8.5,0,0,1,1.076812196453238,-9.53577276238169,380,1,1.10526,1.03947,1.032034991559232,0.007408072038523295,0,0
1806,1,298.2,17.3,0,0,1,1.085036569110126,-9.223786920484446,380,1,1.10526,1.03947,1.026242595210702,0.004065552120384265,0,0
1807,1,-107.5,55.9,0,0,1,1.06679804916826,-6.431199975163938,225,1,1.1,0.9,0.991774273448684,0.004356745856213246,0,0
1808,1,157.6,22.2,0,0,1,1.065227437819924,-24.18448530918506,225,1,1.08444,1.00889,1.088222215665914,0.003478202980854024,0,0
1809,1,-671.5,-47.2,0,0,1,1.096832479957853,-2.001350564920563,380,1,1.10526,1.03947,1.005936329514533,0.00394596997803056,0,0
1810,1,71.40000000000001,105.5,0,0,1,1.053193869455347,-10.96716418811956,225,1,1.08889,0.986667,1.02308180957084,0.01045292802457677,0,0
1811,1,256.4,164.7,0,0,1,1.09595416635475,-6.65250557611202,380,1,1.10526,1.03947,1.015692762627725,0.002431241539186959,0,0
1812,1,0,-3,0,0,1,1.096941686858144,-5.10985269466955,225,1,1.0973,0.986667,1.000224166436474,-6.530817553406049e-05,0,0
1813,1,-269.4,80.8,0,0,1,1.103499274877053,-1.721441010554458,380,1,1.10526,1.03947,1.00024530051667,0.0004543717054009264,0,0
1814,1,91.8,111,0,0,1,1.101716172676881,-2.811524015284436,380,1,1.10526,1.03947,1.00267060399289,0.000724304379112214,0,0
1815,1,136.4,24.6,0,0,1,1.077459151475648,-8.621974184210032,225,1,1.08889,0.888889,1.016626778425303,-0.005843133961168979,0,0
1816,1,-311.3,-0.1,0,0,1,1.076907243156525,-8.328549711133526,380,1,1.10526,1.04785,1.026778725728962,0.001993235988577911,0,0
1817,1,109.7,38,0,0,1,1.086730891495408,-8.343707410244045,380,1,1.10526,1.03947,1.024522479363115,0.004568534487639735,0,0
1818,1,-58.1,21.3,0,0,1,1.061667852210374,-7.841837032209919,225,1,1.08889,0.933333,1.016969128923655,0.007345952503668727,0,0
1819,1,269.7,61.5,0,0,1,1.08406024745464,-7.628173708906156,380,1,1.10526,1.03947,1.015192607792718,0.0009409128052803567,0,0
1820,1,817.1,137.8,0,0,1,1.048438352521512,-13.77632837421987,380,1,1.10526,1.03947,1.024884008127745,0.005621635629481244,0,0
1821,1,-18.7,33.7,0,0,1,1.057289598864795,-9.502847653171038,225,1,1.08889,0.933333,1.023090307567081,0.007321984763769842,0,0
1822,1,541.7,-1.1,0,0,1,1.101772544691441,-15.89932162302379,380,1,1.10526,1.03947,1.009387483184668,2.638324126936392e-05,0,0
1823,1,107.8,80.3,0,0,1,1.067453258297036,-9.695701868405228,225,1,1.08889,0.933333,1.021480925335439,0.005602301347780399,0,0
1824,1,107.6,80.3,0,0,1,1.067448458573052,-9.695313282377018,225,1,1.08889,0.933333,1.021475905796104,0.005602321984590463,0,0
1825,1,487.8,12.8,0,0,1,1.083551263904109,-7.527745313625225,380,1,1.10526,1.03947,1.019638856454617,0.004125680908254901,0,0
1826,1,-17.3,57,0,0,1,1.080137904266293,-10.40300763664645,380,1,1.10526,1.0507,1.028258978379996,0.0009385750691687672,0,0
